-10 -7.17246
-4 -8.45589
-3.69897 -7.85388
-3.52288 -7.50169
-3.39794 -7.25181
-3.30103 -7.05799
-3.22185 -6.89963
-3.1549 -6.76574
-3.09691 -6.64975
-3.04576 -6.54745
-3 -6.45593
-2.95861 -6.37315
-2.92082 -6.29757
-2.88606 -6.22805
-2.85387 -6.16368
-2.82391 -6.10375
-2.79588 -6.04769
-2.76955 -5.99503
-2.74473 -5.94539
-2.72125 -5.89842
-2.69897 -5.85387
-2.67778 -5.81149
-2.65758 -5.77109
-2.63827 -5.73248
-2.61979 -5.69551
-2.60206 -5.66005
-2.58503 -5.62599
-2.56864 -5.5932
-2.55284 -5.56162
-2.5376 -5.53114
-2.52288 -5.50169
-2.50864 -5.47321
-2.49485 -5.44563
-2.48149 -5.4189
-2.46852 -5.39297
-2.45593 -5.3678
-2.4437 -5.34333
-2.4318 -5.31953
-2.42022 -5.29636
-2.40894 -5.2738
-2.39794 -5.25181
-2.38722 -5.23036
-2.37675 -5.20943
-2.36653 -5.189
-2.35655 -5.16903
-2.34679 -5.14951
-2.33724 -5.13042
-2.3279 -5.11174
-2.31876 -5.09345
-2.3098 -5.07554
-2.30103 -5.05799
-2.29243 -5.04079
-2.284 -5.02393
-2.27572 -5.00738
-2.26761 -4.99114
-2.25964 -4.97521
-2.25181 -4.95956
-2.24413 -4.94418
-2.23657 -4.92908
-2.22915 -4.91423
-2.22185 -4.89963
-2.21467 -4.88527
-2.20761 -4.87115
-2.20066 -4.85725
-2.19382 -4.84357
-2.18709 -4.83011
-2.18046 -4.81684
-2.17393 -4.80378
-2.16749 -4.79091
-2.16115 -4.77823
-2.1549 -4.76574
-2.14874 -4.75342
-2.14267 -4.74127
-2.13668 -4.72929
-2.13077 -4.71747
-2.12494 -4.70581
-2.11919 -4.6943
-2.11351 -4.68295
-2.10791 -4.67174
-2.10237 -4.66068
-2.09691 -4.64975
-2.09151 -4.63896
-2.08619 -4.6283
-2.08092 -4.61778
-2.07572 -4.60737
-2.07058 -4.59709
-2.0655 -4.58694
-2.06048 -4.57689
-2.05552 -4.56697
-2.05061 -4.55715
-2.04576 -4.54745
-2.04096 -4.53785
-2.03621 -4.52836
-2.03152 -4.51897
-2.02687 -4.50968
-2.02228 -4.50048
-2.01773 -4.49139
-2.01323 -4.48239
-2.00877 -4.47348
-2.00436 -4.46466
-2 -4.45593
-1.99568 -4.44729
-1.9914 -4.43873
-1.98716 -4.43026
-1.98297 -4.42187
-1.97881 -4.41355
-1.97469 -4.40532
-1.97062 -4.39716
-1.96658 -4.38908
-1.96257 -4.38108
-1.95861 -4.37315
-1.95468 -4.36529
-1.95078 -4.3575
-1.94692 -4.34978
-1.9431 -4.34212
-1.9393 -4.33454
-1.93554 -4.32702
-1.93181 -4.31956
-1.92812 -4.31217
-1.92445 -4.30484
-1.92082 -4.29757
-1.91721 -4.29036
-1.91364 -4.28321
-1.91009 -4.27612
-1.90658 -4.26909
-1.90309 -4.26211
-1.89963 -4.25519
-1.8962 -4.24832
-1.89279 -4.24151
-1.88941 -4.23475
-1.88606 -4.22805
-1.88273 -4.22139
-1.87943 -4.21478
-1.87615 -4.20823
-1.8729 -4.20172
-1.86967 -4.19526
-1.86646 -4.18885
-1.86328 -4.18249
-1.86012 -4.17617
-1.85699 -4.1699
-1.85387 -4.16368
-1.85078 -4.15749
-1.84771 -4.15136
-1.84466 -4.14526
-1.84164 -4.13921
-1.83863 -4.1332
-1.83565 -4.12723
-1.83268 -4.1213
-1.82974 -4.11541
-1.82681 -4.10956
-1.82391 -4.10375
-1.82102 -4.09798
-1.81816 -4.09224
-1.81531 -4.08655
-1.81248 -4.08089
-1.80967 -4.07527
-1.80688 -4.06968
-1.8041 -4.06413
-1.80134 -4.05862
-1.7986 -4.05314
-1.79588 -4.04769
-1.79317 -4.04228
-1.79048 -4.0369
-1.78781 -4.03156
-1.78516 -4.02624
-1.78252 -4.02096
-1.77989 -4.01572
-1.77728 -4.0105
-1.77469 -4.00531
-1.77211 -4.00016
-1.76955 -3.99503
-1.767 -3.98994
-1.76447 -3.98488
-1.76195 -3.97984
-1.75945 -3.97483
-1.75696 -3.96986
-1.75449 -3.96491
-1.75203 -3.95999
-1.74958 -3.95509
-1.74715 -3.95023
-1.74473 -3.94539
-1.74232 -3.94057
-1.73993 -3.93579
-1.73755 -3.93103
-1.73518 -3.9263
-1.73283 -3.92159
-1.73049 -3.91691
-1.72816 -3.91225
-1.72584 -3.90762
-1.72354 -3.90301
-1.72125 -3.89842
-1.71897 -3.89387
-1.7167 -3.88933
-1.71444 -3.88482
-1.7122 -3.88033
-1.70997 -3.87586
-1.70774 -3.87142
-1.70553 -3.867
-1.70333 -3.8626
-1.70115 -3.85823
-1.69897 -3.85387
-1.6968 -3.84954
-1.69465 -3.84523
-1.6925 -3.84094
-1.69037 -3.83667
-1.68825 -3.83242
-1.68613 -3.8282
-1.68403 -3.82399
-1.68194 -3.81981
-1.67985 -3.81564
-1.67778 -3.81149
-1.67572 -3.80737
-1.67366 -3.80326
-1.67162 -3.79917
-1.66959 -3.7951
-1.66756 -3.79106
-1.66555 -3.78702
-1.66354 -3.78301
-1.66154 -3.77902
-1.65956 -3.77504
-1.65758 -3.77109
-1.65561 -3.76715
-1.65365 -3.76323
-1.6517 -3.75932
-1.64975 -3.75544
-1.64782 -3.75157
-1.64589 -3.74772
-1.64397 -3.74388
-1.64207 -3.74006
-1.64016 -3.73626
-1.63827 -3.73248
-1.63639 -3.72871
-1.63451 -3.72496
-1.63264 -3.72122
-1.63078 -3.7175
-1.62893 -3.7138
-1.62709 -3.71011
-1.62525 -3.70644
-1.62342 -3.70278
-1.6216 -3.69914
-1.61979 -3.69551
-1.61798 -3.6919
-1.61618 -3.6883
-1.61439 -3.68472
-1.61261 -3.68115
-1.61083 -3.6776
-1.60906 -3.67406
-1.6073 -3.67054
-1.60555 -3.66703
-1.6038 -3.66353
-1.60206 -3.66005
-1.60033 -3.65658
-1.5986 -3.65313
-1.59688 -3.64969
-1.59517 -3.64626
-1.59346 -3.64285
-1.59176 -3.63945
-1.59007 -3.63607
-1.58838 -3.63269
-1.5867 -3.62933
-1.58503 -3.62599
-1.58336 -3.62265
-1.5817 -3.61933
-1.58004 -3.61602
-1.5784 -3.61272
-1.57675 -3.60944
-1.57512 -3.60617
-1.57349 -3.60291
-1.57187 -3.59966
-1.57025 -3.59643
-1.56864 -3.5932
-1.56703 -3.58999
-1.56543 -3.58679
-1.56384 -3.58361
-1.56225 -3.58043
-1.56067 -3.57727
-1.55909 -3.57411
-1.55752 -3.57097
-1.55596 -3.56784
-1.5544 -3.56472
-1.55284 -3.56162
-1.55129 -3.55852
-1.54975 -3.55543
-1.54821 -3.55236
-1.54668 -3.5493
-1.54516 -3.54624
-1.54363 -3.5432
-1.54212 -3.54017
-1.54061 -3.53715
-1.5391 -3.53414
-1.5376 -3.53114
-1.53611 -3.52815
-1.53462 -3.52517
-1.53313 -3.5222
-1.53165 -3.51924
-1.53018 -3.51629
-1.52871 -3.51335
-1.52724 -3.51042
-1.52578 -3.5075
-1.52433 -3.50459
-1.52288 -3.50169
-1.52143 -3.4988
-1.51999 -3.49592
-1.51856 -3.49305
-1.51713 -3.49018
-1.5157 -3.48733
-1.51428 -3.48449
-1.51286 -3.48166
-1.51145 -3.47883
-1.51004 -3.47601
-1.50864 -3.47321
-1.50724 -3.47041
-1.50585 -3.46762
-1.50446 -3.46484
-1.50307 -3.46207
-1.50169 -3.45931
-1.50031 -3.45656
-1.49894 -3.45381
-1.49757 -3.45108
-1.49621 -3.44835
-1.49485 -3.44563
-1.49349 -3.44292
-1.49214 -3.44022
-1.4908 -3.43753
-1.48945 -3.43484
-1.48812 -3.43217
-1.48678 -3.4295
-1.48545 -3.42684
-1.48413 -3.42418
-1.4828 -3.42154
-1.48149 -3.4189
-1.48017 -3.41628
-1.47886 -3.41366
-1.47756 -3.41104
-1.47625 -3.40844
-1.47496 -3.40584
-1.47366 -3.40325
-1.47237 -3.40067
-1.47108 -3.3981
-1.4698 -3.39553
-1.46852 -3.39297
-1.46725 -3.39042
-1.46597 -3.38788
-1.46471 -3.38534
-1.46344 -3.38282
-1.46218 -3.38029
-1.46092 -3.37778
-1.45967 -3.37527
-1.45842 -3.37277
-1.45717 -3.37028
-1.45593 -3.3678
-1.45469 -3.36532
-1.45346 -3.36285
-1.45223 -3.36038
-1.451 -3.35793
-1.44977 -3.35548
-1.44855 -3.35303
-1.44733 -3.3506
-1.44612 -3.34817
-1.44491 -3.34574
-1.4437 -3.34333
-1.44249 -3.34092
-1.44129 -3.33851
-1.44009 -3.33612
-1.4389 -3.33373
-1.43771 -3.33135
-1.43652 -3.32897
-1.43533 -3.3266
-1.43415 -3.32424
-1.43297 -3.32188
-1.4318 -3.31953
-1.43063 -3.31718
-1.42946 -3.31485
-1.42829 -3.31251
-1.42713 -3.31019
-1.42597 -3.30787
-1.42481 -3.30556
-1.42366 -3.30325
-1.42251 -3.30095
-1.42136 -3.29865
-1.42022 -3.29636
-1.41908 -3.29408
-1.41794 -3.29181
-1.4168 -3.28953
-1.41567 -3.28727
-1.41454 -3.28501
-1.41341 -3.28276
-1.41229 -3.28051
-1.41117 -3.27827
-1.41005 -3.27603
-1.40894 -3.2738
-1.40782 -3.27158
-1.40671 -3.26936
-1.40561 -3.26715
-1.4045 -3.26494
-1.4034 -3.26274
-1.4023 -3.26054
-1.40121 -3.25835
-1.40012 -3.25617
-1.39903 -3.25399
-1.39794 -3.25181
-1.39686 -3.24964
-1.39577 -3.24748
-1.39469 -3.24532
-1.39362 -3.24317
-1.39254 -3.24102
-1.39147 -3.23888
-1.39041 -3.23674
-1.38934 -3.23461
-1.38828 -3.23249
-1.38722 -3.23036
-1.38616 -3.22825
-1.3851 -3.22614
-1.38405 -3.22403
-1.383 -3.22193
-1.38195 -3.21984
-1.38091 -3.21775
-1.37986 -3.21566
-1.37882 -3.21358
-1.37779 -3.2115
-1.37675 -3.20943
-1.37572 -3.20737
-1.37469 -3.20531
-1.37366 -3.20325
-1.37263 -3.2012
-1.37161 -3.19915
-1.37059 -3.19711
-1.36957 -3.19508
-1.36856 -3.19304
-1.36754 -3.19102
-1.36653 -3.189
-1.36552 -3.18698
-1.36452 -3.18496
-1.36351 -3.18296
-1.36251 -3.18095
-1.36151 -3.17895
-1.36051 -3.17696
-1.35952 -3.17497
-1.35853 -3.17298
-1.35754 -3.171
-1.35655 -3.16903
-1.35556 -3.16705
-1.35458 -3.16509
-1.3536 -3.16312
-1.35262 -3.16117
-1.35164 -3.15921
-1.35067 -3.15726
-1.34969 -3.15532
-1.34872 -3.15338
-1.34775 -3.15144
-1.34679 -3.14951
-1.34582 -3.14758
-1.34486 -3.14566
-1.3439 -3.14374
-1.34294 -3.14182
-1.34199 -3.13991
-1.34104 -3.138
-1.34008 -3.1361
-1.33913 -3.1342
-1.33819 -3.13231
-1.33724 -3.13042
-1.3363 -3.12853
-1.33536 -3.12665
-1.33442 -3.12477
-1.33348 -3.1229
-1.33255 -3.12103
-1.33161 -3.11916
-1.33068 -3.1173
-1.32975 -3.11544
-1.32883 -3.11359
-1.3279 -3.11174
-1.32698 -3.10989
-1.32606 -3.10805
-1.32514 -3.10621
-1.32422 -3.10438
-1.32331 -3.10254
-1.32239 -3.10072
-1.32148 -3.0989
-1.32057 -3.09708
-1.31966 -3.09526
-1.31876 -3.09345
-1.31785 -3.09164
-1.31695 -3.08984
-1.31605 -3.08804
-1.31515 -3.08624
-1.31426 -3.08445
-1.31336 -3.08266
-1.31247 -3.08087
-1.31158 -3.07909
-1.31069 -3.07731
-1.3098 -3.07554
-1.30892 -3.07377
-1.30803 -3.072
-1.30715 -3.07024
-1.30627 -3.06848
-1.30539 -3.06672
-1.30452 -3.06497
-1.30364 -3.06322
-1.30277 -3.06147
-1.3019 -3.05973
-1.30103 -3.05799
-1.30016 -3.05626
-1.2993 -3.05452
-1.29843 -3.0528
-1.29757 -3.05107
-1.29671 -3.04935
-1.29585 -3.04763
-1.29499 -3.04592
-1.29414 -3.0442
-1.29328 -3.0425
-1.29243 -3.04079
-1.29158 -3.03909
-1.29073 -3.03739
-1.28988 -3.0357
-1.28904 -3.03401
-1.28819 -3.03232
-1.28735 -3.03063
-1.28651 -3.02895
-1.28567 -3.02727
-1.28483 -3.0256
-1.284 -3.02393
-1.28316 -3.02226
-1.28233 -3.02059
-1.2815 -3.01893
-1.28067 -3.01727
-1.27984 -3.01561
-1.27901 -3.01396
-1.27819 -3.01231
-1.27737 -3.01066
-1.27654 -3.00902
-1.27572 -3.00738
-1.27491 -3.00574
-1.27409 -3.00411
-1.27327 -3.00248
-1.27246 -3.00085
-1.27165 -2.99922
-1.27084 -2.9976
-1.27003 -2.99598
-1.26922 -2.99437
-1.26841 -2.99275
-1.26761 -2.99114
-1.2668 -2.98954
-1.266 -2.98793
-1.2652 -2.98633
-1.2644 -2.98473
-1.2636 -2.98314
-1.26281 -2.98155
-1.26201 -2.97996
-1.26122 -2.97837
-1.26043 -2.97679
-1.25964 -2.97521
-1.25885 -2.97363
-1.25806 -2.97205
-1.25727 -2.97048
-1.25649 -2.96891
-1.25571 -2.96735
-1.25493 -2.96578
-1.25414 -2.96422
-1.25337 -2.96266
-1.25259 -2.96111
-1.25181 -2.95956
-1.25104 -2.95801
-1.25026 -2.95646
-1.24949 -2.95492
-1.24872 -2.95337
-1.24795 -2.95184
-1.24718 -2.9503
-1.24642 -2.94877
-1.24565 -2.94724
-1.24489 -2.94571
-1.24413 -2.94418
-1.24336 -2.94266
-1.2426 -2.94114
-1.24185 -2.93962
-1.24109 -2.93811
-1.24033 -2.9366
-1.23958 -2.93509
-1.23882 -2.93358
-1.23807 -2.93208
-1.23732 -2.93057
-1.23657 -2.92908
-1.23582 -2.92758
-1.23508 -2.92609
-1.23433 -2.92459
-1.23359 -2.92311
-1.23284 -2.92162
-1.2321 -2.92014
-1.23136 -2.91866
-1.23062 -2.91718
-1.22988 -2.9157
-1.22915 -2.91423
-1.22841 -2.91276
-1.22768 -2.91129
-1.22695 -2.90982
-1.22621 -2.90836
-1.22548 -2.9069
-1.22475 -2.90544
-1.22403 -2.90398
-1.2233 -2.90253
-1.22257 -2.90108
-1.22185 -2.89963
-1.22113 -2.89818
-1.2204 -2.89674
-1.21968 -2.8953
-1.21896 -2.89386
-1.21824 -2.89242
-1.21753 -2.89099
-1.21681 -2.88955
-1.2161 -2.88812
-1.21538 -2.8867
-1.21467 -2.88527
-1.21396 -2.88385
-1.21325 -2.88243
-1.21254 -2.88101
-1.21183 -2.8796
-1.21112 -2.87818
-1.21042 -2.87677
-1.20971 -2.87536
-1.20901 -2.87396
-1.20831 -2.87255
-1.20761 -2.87115
-1.20691 -2.86975
-1.20621 -2.86835
-1.20551 -2.86696
-1.20482 -2.86556
-1.20412 -2.86417
-1.20343 -2.86278
-1.20273 -2.8614
-1.20204 -2.86001
-1.20135 -2.85863
-1.20066 -2.85725
-1.19997 -2.85587
-1.19928 -2.8545
-1.1986 -2.85312
-1.19791 -2.85175
-1.19723 -2.85038
-1.19654 -2.84902
-1.19586 -2.84765
-1.19518 -2.84629
-1.1945 -2.84493
-1.19382 -2.84357
-1.19314 -2.84222
-1.19246 -2.84086
-1.19179 -2.83951
-1.19111 -2.83816
-1.19044 -2.83681
-1.18977 -2.83547
-1.1891 -2.83412
-1.18842 -2.83278
-1.18776 -2.83144
-1.18709 -2.83011
-1.18642 -2.82877
-1.18575 -2.82744
-1.18509 -2.82611
-1.18442 -2.82478
-1.18376 -2.82345
-1.1831 -2.82212
-1.18243 -2.8208
-1.18177 -2.81948
-1.18111 -2.81816
-1.18046 -2.81684
-1.1798 -2.81553
-1.17914 -2.81422
-1.17849 -2.8129
-1.17783 -2.8116
-1.17718 -2.81029
-1.17653 -2.80898
-1.17587 -2.80768
-1.17522 -2.80638
-1.17457 -2.80508
-1.17393 -2.80378
-1.17328 -2.80249
-1.17263 -2.80119
-1.17198 -2.7999
-1.17134 -2.79861
-1.1707 -2.79732
-1.17005 -2.79604
-1.16941 -2.79475
-1.16877 -2.79347
-1.16813 -2.79219
-1.16749 -2.79091
-1.16685 -2.78964
-1.16622 -2.78836
-1.16558 -2.78709
-1.16494 -2.78582
-1.16431 -2.78455
-1.16368 -2.78328
-1.16304 -2.78202
-1.16241 -2.78076
-1.16178 -2.77949
-1.16115 -2.77823
-1.16052 -2.77698
-1.15989 -2.77572
-1.15927 -2.77447
-1.15864 -2.77321
-1.15802 -2.77196
-1.15739 -2.77071
-1.15677 -2.76947
-1.15614 -2.76822
-1.15552 -2.76698
-1.1549 -2.76574
-1.15428 -2.7645
-1.15366 -2.76326
-1.15304 -2.76202
-1.15243 -2.76079
-1.15181 -2.75955
-1.1512 -2.75832
-1.15058 -2.75709
-1.14997 -2.75587
-1.14935 -2.75464
-1.14874 -2.75342
-1.14813 -2.75219
-1.14752 -2.75097
-1.14691 -2.74975
-1.1463 -2.74854
-1.14569 -2.74732
-1.14509 -2.74611
-1.14448 -2.74489
-1.14388 -2.74368
-1.14327 -2.74247
-1.14267 -2.74127
-1.14206 -2.74006
-1.14146 -2.73886
-1.14086 -2.73766
-1.14026 -2.73645
-1.13966 -2.73526
-1.13906 -2.73406
-1.13847 -2.73286
-1.13787 -2.73167
-1.13727 -2.73048
-1.13668 -2.72929
-1.13608 -2.7281
-1.13549 -2.72691
-1.1349 -2.72572
-1.1343 -2.72454
-1.13371 -2.72336
-1.13312 -2.72218
-1.13253 -2.721
-1.13194 -2.71982
-1.13136 -2.71864
-1.13077 -2.71747
-1.13018 -2.7163
-1.1296 -2.71512
-1.12901 -2.71395
-1.12843 -2.71279
-1.12784 -2.71162
-1.12726 -2.71045
-1.12668 -2.70929
-1.1261 -2.70813
-1.12552 -2.70697
-1.12494 -2.70581
-1.12436 -2.70465
-1.12378 -2.7035
-1.12321 -2.70234
-1.12263 -2.70119
-1.12205 -2.70004
-1.12148 -2.69889
-1.1209 -2.69774
-1.12033 -2.69659
-1.11976 -2.69545
-1.11919 -2.6943
-1.11862 -2.69316
-1.11805 -2.69202
-1.11748 -2.69088
-1.11691 -2.68975
-1.11634 -2.68861
-1.11577 -2.68747
-1.1152 -2.68634
-1.11464 -2.68521
-1.11407 -2.68408
-1.11351 -2.68295
-1.11295 -2.68182
-1.11238 -2.6807
-1.11182 -2.67957
-1.11126 -2.67845
-1.1107 -2.67733
-1.11014 -2.67621
-1.10958 -2.67509
-1.10902 -2.67397
-1.10846 -2.67286
-1.10791 -2.67174
-1.10735 -2.67063
-1.10679 -2.66952
-1.10624 -2.66841
-1.10568 -2.6673
-1.10513 -2.66619
-1.10458 -2.66509
-1.10403 -2.66398
-1.10347 -2.66288
-1.10292 -2.66178
-1.10237 -2.66068
-1.10182 -2.65958
-1.10127 -2.65848
-1.10073 -2.65739
-1.10018 -2.65629
-1.09963 -2.6552
-1.09909 -2.65411
-1.09854 -2.65302
-1.098 -2.65193
-1.09745 -2.65084
-1.09691 -2.64975
-1.09637 -2.64867
-1.09583 -2.64758
-1.09528 -2.6465
-1.09474 -2.64542
-1.0942 -2.64434
-1.09366 -2.64326
-1.09313 -2.64218
-1.09259 -2.64111
-1.09205 -2.64003
-1.09151 -2.63896
-1.09098 -2.63789
-1.09044 -2.63682
-1.08991 -2.63575
-1.08938 -2.63468
-1.08884 -2.63362
-1.08831 -2.63255
-1.08778 -2.63149
-1.08725 -2.63043
-1.08672 -2.62936
-1.08619 -2.6283
-1.08566 -2.62725
-1.08513 -2.62619
-1.0846 -2.62513
-1.08407 -2.62408
-1.08355 -2.62302
-1.08302 -2.62197
-1.08249 -2.62092
-1.08197 -2.61987
-1.08145 -2.61882
-1.08092 -2.61778
-1.0804 -2.61673
-1.07988 -2.61569
-1.07935 -2.61464
-1.07883 -2.6136
-1.07831 -2.61256
-1.07779 -2.61152
-1.07727 -2.61048
-1.07676 -2.60944
-1.07624 -2.60841
-1.07572 -2.60737
-1.0752 -2.60634
-1.07469 -2.60531
-1.07417 -2.60428
-1.07366 -2.60325
-1.07314 -2.60222
-1.07263 -2.60119
-1.07212 -2.60017
-1.0716 -2.59914
-1.07109 -2.59812
-1.07058 -2.59709
-1.07007 -2.59607
-1.06956 -2.59505
-1.06905 -2.59403
-1.06854 -2.59302
-1.06803 -2.592
-1.06753 -2.59098
-1.06702 -2.58997
-1.06651 -2.58896
-1.06601 -2.58795
-1.0655 -2.58694
-1.065 -2.58593
-1.06449 -2.58492
-1.06399 -2.58391
-1.06349 -2.5829
-1.06298 -2.5819
-1.06248 -2.5809
-1.06198 -2.57989
-1.06148 -2.57889
-1.06098 -2.57789
-1.06048 -2.57689
-1.05998 -2.5759
-1.05948 -2.5749
-1.05899 -2.5739
-1.05849 -2.57291
-1.05799 -2.57192
-1.0575 -2.57092
-1.057 -2.56993
-1.05651 -2.56894
-1.05601 -2.56795
-1.05552 -2.56697
-1.05502 -2.56598
-1.05453 -2.56499
-1.05404 -2.56401
-1.05355 -2.56303
-1.05306 -2.56205
-1.05257 -2.56106
-1.05208 -2.56008
-1.05159 -2.55911
-1.0511 -2.55813
-1.05061 -2.55715
-1.05012 -2.55618
-1.04964 -2.5552
-1.04915 -2.55423
-1.04866 -2.55326
-1.04818 -2.55229
-1.04769 -2.55132
-1.04721 -2.55035
-1.04672 -2.54938
-1.04624 -2.54841
-1.04576 -2.54745
-1.04528 -2.54648
-1.04479 -2.54552
-1.04431 -2.54456
-1.04383 -2.5436
-1.04335 -2.54263
-1.04287 -2.54168
-1.04239 -2.54072
-1.04191 -2.53976
-1.04144 -2.5388
-1.04096 -2.53785
-1.04048 -2.5369
-1.04001 -2.53594
-1.03953 -2.53499
-1.03905 -2.53404
-1.03858 -2.53309
-1.0381 -2.53214
-1.03763 -2.53119
-1.03716 -2.53025
-1.03668 -2.5293
-1.03621 -2.52836
-1.03574 -2.52741
-1.03527 -2.52647
-1.0348 -2.52553
-1.03433 -2.52459
-1.03386 -2.52365
-1.03339 -2.52271
-1.03292 -2.52177
-1.03245 -2.52084
-1.03198 -2.5199
-1.03152 -2.51897
-1.03105 -2.51803
-1.03058 -2.5171
-1.03012 -2.51617
-1.02965 -2.51524
-1.02919 -2.51431
-1.02872 -2.51338
-1.02826 -2.51245
-1.0278 -2.51153
-1.02733 -2.5106
-1.02687 -2.50968
-1.02641 -2.50875
-1.02595 -2.50783
-1.02549 -2.50691
-1.02503 -2.50599
-1.02457 -2.50507
-1.02411 -2.50415
-1.02365 -2.50323
-1.02319 -2.50232
-1.02273 -2.5014
-1.02228 -2.50048
-1.02182 -2.49957
-1.02136 -2.49866
-1.02091 -2.49775
-1.02045 -2.49684
-1.02 -2.49593
-1.01954 -2.49502
-1.01909 -2.49411
-1.01863 -2.4932
-1.01818 -2.49229
-1.01773 -2.49139
-1.01728 -2.49049
-1.01682 -2.48958
-1.01637 -2.48868
-1.01592 -2.48778
-1.01547 -2.48688
-1.01502 -2.48598
-1.01457 -2.48508
-1.01412 -2.48418
-1.01368 -2.48328
-1.01323 -2.48239
-1.01278 -2.48149
-1.01233 -2.4806
-1.01189 -2.47971
-1.01144 -2.47881
-1.011 -2.47792
-1.01055 -2.47703
-1.01011 -2.47614
-1.00966 -2.47525
-1.00922 -2.47437
-1.00877 -2.47348
-1.00833 -2.47259
-1.00789 -2.47171
-1.00745 -2.47082
-1.007 -2.46994
-1.00656 -2.46906
-1.00612 -2.46818
-1.00568 -2.4673
-1.00524 -2.46642
-1.0048 -2.46554
-1.00436 -2.46466
-1.00393 -2.46378
-1.00349 -2.46291
-1.00305 -2.46203
-1.00261 -2.46116
-1.00218 -2.46029
-1.00174 -2.45941
-1.0013 -2.45854
-1.00087 -2.45767
-1.00043 -2.4568
-1 -2.45593
-0.999566 -2.45506
-0.999132 -2.4542
-0.998699 -2.45333
-0.998266 -2.45246
-0.997834 -2.4516
-0.997402 -2.45074
-0.996971 -2.44987
-0.996539 -2.44901
-0.996109 -2.44815
-0.995679 -2.44729
-0.995249 -2.44643
-0.994819 -2.44557
-0.994391 -2.44471
-0.993962 -2.44386
-0.993534 -2.443
-0.993106 -2.44214
-0.992679 -2.44129
-0.992252 -2.44044
-0.991826 -2.43958
-0.9914 -2.43873
-0.990974 -2.43788
-0.990549 -2.43703
-0.990124 -2.43618
-0.9897 -2.43533
-0.989276 -2.43448
-0.988853 -2.43364
-0.98843 -2.43279
-0.988007 -2.43195
-0.987585 -2.4311
-0.987163 -2.43026
-0.986741 -2.42941
-0.98632 -2.42857
-0.9859 -2.42773
-0.985479 -2.42689
-0.98506 -2.42605
-0.98464 -2.42521
-0.984221 -2.42437
-0.983803 -2.42354
-0.983384 -2.4227
-0.982967 -2.42187
-0.982549 -2.42103
-0.982132 -2.4202
-0.981716 -2.41936
-0.9813 -2.41853
-0.980884 -2.4177
-0.980468 -2.41687
-0.980053 -2.41604
-0.979639 -2.41521
-0.979225 -2.41438
-0.978811 -2.41355
-0.978397 -2.41273
-0.977984 -2.4119
-0.977572 -2.41108
-0.977159 -2.41025
-0.976748 -2.40943
-0.976336 -2.4086
-0.975925 -2.40778
-0.975514 -2.40696
-0.975104 -2.40614
-0.974694 -2.40532
-0.974285 -2.4045
-0.973875 -2.40368
-0.973467 -2.40287
-0.973058 -2.40205
-0.97265 -2.40123
-0.972243 -2.40042
-0.971836 -2.3996
-0.971429 -2.39879
-0.971022 -2.39798
-0.970616 -2.39716
-0.970211 -2.39635
-0.969805 -2.39554
-0.9694 -2.39473
-0.968996 -2.39392
-0.968592 -2.39312
-0.968188 -2.39231
-0.967784 -2.3915
-0.967381 -2.39069
-0.966979 -2.38989
-0.966576 -2.38908
-0.966174 -2.38828
-0.965773 -2.38748
-0.965372 -2.38668
-0.964971 -2.38587
-0.96457 -2.38507
-0.96417 -2.38427
-0.96377 -2.38347
-0.963371 -2.38267
-0.962972 -2.38188
-0.962574 -2.38108
-0.962175 -2.38028
-0.961777 -2.37949
-0.96138 -2.37869
-0.960983 -2.3779
-0.960586 -2.3771
-0.960189 -2.37631
-0.959793 -2.37552
-0.959398 -2.37473
-0.959002 -2.37394
-0.958607 -2.37315
-0.958213 -2.37236
-0.957818 -2.37157
-0.957424 -2.37078
-0.957031 -2.36999
-0.956638 -2.36921
-0.956245 -2.36842
-0.955852 -2.36764
-0.95546 -2.36685
-0.955068 -2.36607
-0.954677 -2.36529
-0.954286 -2.3645
-0.953895 -2.36372
-0.953505 -2.36294
-0.953115 -2.36216
-0.952725 -2.36138
-0.952336 -2.3606
-0.951947 -2.35983
-0.951558 -2.35905
-0.95117 -2.35827
-0.950782 -2.3575
-0.950394 -2.35672
-0.950007 -2.35595
-0.94962 -2.35517
-0.949234 -2.3544
-0.948847 -2.35363
-0.948462 -2.35286
-0.948076 -2.35208
-0.947691 -2.35131
-0.947306 -2.35054
-0.946922 -2.34978
-0.946537 -2.34901
-0.946154 -2.34824
-0.94577 -2.34747
-0.945387 -2.34671
-0.945004 -2.34594
-0.944622 -2.34518
-0.94424 -2.34441
-0.943858 -2.34365
-0.943476 -2.34288
-0.943095 -2.34212
-0.942714 -2.34136
-0.942334 -2.3406
-0.941954 -2.33984
-0.941574 -2.33908
-0.941195 -2.33832
-0.940815 -2.33756
-0.940437 -2.33681
-0.940058 -2.33605
-0.93968 -2.33529
-0.939302 -2.33454
-0.938925 -2.33378
-0.938548 -2.33303
-0.938171 -2.33227
-0.937794 -2.33152
-0.937418 -2.33077
-0.937042 -2.33002
-0.936667 -2.32927
-0.936291 -2.32851
-0.935917 -2.32777
-0.935542 -2.32702
-0.935168 -2.32627
-0.934794 -2.32552
-0.93442 -2.32477
-0.934047 -2.32403
-0.933674 -2.32328
-0.933301 -2.32253
-0.932929 -2.32179
-0.932557 -2.32105
-0.932185 -2.3203
-0.931814 -2.31956
-0.931443 -2.31882
-0.931072 -2.31808
-0.930702 -2.31734
-0.930332 -2.3166
-0.929962 -2.31586
-0.929593 -2.31512
-0.929224 -2.31438
-0.928855 -2.31364
-0.928486 -2.3129
-0.928118 -2.31217
-0.92775 -2.31143
-0.927383 -2.3107
-0.927015 -2.30996
-0.926648 -2.30923
-0.926282 -2.3085
-0.925915 -2.30776
-0.925549 -2.30703
-0.925184 -2.3063
-0.924818 -2.30557
-0.924453 -2.30484
-0.924088 -2.30411
-0.923724 -2.30338
-0.92336 -2.30265
-0.922996 -2.30192
-0.922632 -2.3012
-0.922269 -2.30047
-0.921906 -2.29974
-0.921543 -2.29902
-0.921181 -2.29829
-0.920819 -2.29757
-0.920457 -2.29685
-0.920096 -2.29612
-0.919734 -2.2954
-0.919374 -2.29468
-0.919013 -2.29396
-0.918653 -2.29324
-0.918293 -2.29252
-0.917933 -2.2918
-0.917574 -2.29108
-0.917215 -2.29036
-0.916856 -2.28964
-0.916497 -2.28893
-0.916139 -2.28821
-0.915781 -2.28749
-0.915424 -2.28678
-0.915066 -2.28606
-0.914709 -2.28535
-0.914353 -2.28464
-0.913996 -2.28392
-0.91364 -2.28321
-0.913284 -2.2825
-0.912929 -2.28179
-0.912574 -2.28108
-0.912219 -2.28037
-0.911864 -2.27966
-0.91151 -2.27895
-0.911155 -2.27824
-0.910802 -2.27754
-0.910448 -2.27683
-0.910095 -2.27612
-0.909742 -2.27542
-0.909389 -2.27471
-0.909037 -2.27401
-0.908685 -2.2733
-0.908333 -2.2726
-0.907982 -2.2719
-0.90763 -2.27119
-0.907279 -2.27049
-0.906929 -2.26979
-0.906578 -2.26909
-0.906228 -2.26839
-0.905878 -2.26769
-0.905529 -2.26699
-0.90518 -2.26629
-0.904831 -2.26559
-0.904482 -2.2649
-0.904134 -2.2642
-0.903785 -2.2635
-0.903438 -2.26281
-0.90309 -2.26211
-0.902743 -2.26142
-0.902396 -2.26072
-0.902049 -2.26003
-0.901702 -2.25934
-0.901356 -2.25864
-0.90101 -2.25795
-0.900665 -2.25726
-0.900319 -2.25657
-0.899974 -2.25588
-0.899629 -2.25519
-0.899285 -2.2545
-0.898941 -2.25381
-0.898597 -2.25313
-0.898253 -2.25244
-0.897909 -2.25175
-0.897566 -2.25106
-0.897223 -2.25038
-0.896881 -2.24969
-0.896538 -2.24901
-0.896196 -2.24832
-0.895854 -2.24764
-0.895513 -2.24696
-0.895172 -2.24628
-0.894831 -2.24559
-0.89449 -2.24491
-0.894149 -2.24423
-0.893809 -2.24355
-0.893469 -2.24287
-0.893129 -2.24219
-0.89279 -2.24151
-0.892451 -2.24083
-0.892112 -2.24016
-0.891773 -2.23948
-0.891435 -2.2388
-0.891097 -2.23813
-0.890759 -2.23745
-0.890421 -2.23677
-0.890084 -2.2361
-0.889747 -2.23543
-0.88941 -2.23475
-0.889074 -2.23408
-0.888737 -2.23341
-0.888401 -2.23273
-0.888066 -2.23206
-0.88773 -2.23139
-0.887395 -2.23072
-0.88706 -2.23005
-0.886725 -2.22938
-0.886391 -2.22871
-0.886057 -2.22805
-0.885723 -2.22738
-0.885389 -2.22671
-0.885056 -2.22604
-0.884722 -2.22538
-0.884389 -2.22471
-0.884057 -2.22405
-0.883724 -2.22338
-0.883392 -2.22272
-0.88306 -2.22205
-0.882729 -2.22139
-0.882397 -2.22073
-0.882066 -2.22006
-0.881735 -2.2194
-0.881405 -2.21874
-0.881074 -2.21808
-0.880744 -2.21742
-0.880414 -2.21676
-0.880085 -2.2161
-0.879755 -2.21544
-0.879426 -2.21478
-0.879097 -2.21413
-0.878769 -2.21347
-0.87844 -2.21281
-0.878112 -2.21216
-0.877784 -2.2115
-0.877456 -2.21084
-0.877129 -2.21019
-0.876802 -2.20954
-0.876475 -2.20888
-0.876148 -2.20823
-0.875822 -2.20758
-0.875496 -2.20692
-0.87517 -2.20627
-0.874844 -2.20562
-0.874519 -2.20497
-0.874194 -2.20432
-0.873869 -2.20367
-0.873544 -2.20302
-0.873219 -2.20237
-0.872895 -2.20172
-0.872571 -2.20107
-0.872247 -2.20043
-0.871924 -2.19978
-0.871601 -2.19913
-0.871278 -2.19849
-0.870955 -2.19784
-0.870632 -2.1972
-0.87031 -2.19655
-0.869988 -2.19591
-0.869666 -2.19526
-0.869345 -2.19462
-0.869023 -2.19398
-0.868702 -2.19334
-0.868381 -2.19269
-0.868061 -2.19205
-0.86774 -2.19141
-0.86742 -2.19077
-0.8671 -2.19013
-0.866781 -2.18949
-0.866461 -2.18885
-0.866142 -2.18822
-0.865823 -2.18758
-0.865504 -2.18694
-0.865186 -2.1863
-0.864867 -2.18567
-0.864549 -2.18503
-0.864231 -2.18439
-0.863914 -2.18376
-0.863597 -2.18313
-0.863279 -2.18249
-0.862963 -2.18186
-0.862646 -2.18122
-0.862329 -2.18059
-0.862013 -2.17996
-0.861697 -2.17933
-0.861382 -2.1787
-0.861066 -2.17806
-0.860751 -2.17743
-0.860436 -2.1768
-0.860121 -2.17617
-0.859806 -2.17554
-0.859492 -2.17492
-0.859178 -2.17429
-0.858864 -2.17366
-0.85855 -2.17303
-0.858237 -2.17241
-0.857924 -2.17178
-0.857611 -2.17115
-0.857298 -2.17053
-0.856985 -2.1699
-0.856673 -2.16928
-0.856361 -2.16865
-0.856049 -2.16803
-0.855737 -2.16741
-0.855426 -2.16678
-0.855115 -2.16616
-0.854804 -2.16554
-0.854493 -2.16492
-0.854182 -2.1643
-0.853872 -2.16368
-0.853562 -2.16306
-0.853252 -2.16244
-0.852942 -2.16182
-0.852633 -2.1612
-0.852324 -2.16058
-0.852015 -2.15996
-0.851706 -2.15934
-0.851397 -2.15873
-0.851089 -2.15811
-0.850781 -2.15749
-0.850473 -2.15688
-0.850165 -2.15626
-0.849858 -2.15565
-0.849551 -2.15503
-0.849244 -2.15442
-0.848937 -2.15381
-0.84863 -2.15319
-0.848324 -2.15258
-0.848018 -2.15197
-0.847712 -2.15136
-0.847406 -2.15074
-0.8471 -2.15013
-0.846795 -2.14952
-0.84649 -2.14891
-0.846185 -2.1483
-0.84588 -2.14769
-0.845576 -2.14708
-0.845272 -2.14648
-0.844968 -2.14587
-0.844664 -2.14526
-0.84436 -2.14465
-0.844057 -2.14405
-0.843754 -2.14344
-0.843451 -2.14283
-0.843148 -2.14223
-0.842846 -2.14162
-0.842543 -2.14102
-0.842241 -2.14041
-0.841939 -2.13981
-0.841638 -2.13921
-0.841336 -2.1386
-0.841035 -2.138
-0.840734 -2.1374
-0.840433 -2.1368
-0.840132 -2.1362
-0.839832 -2.1356
-0.839531 -2.13499
-0.839231 -2.13439
-0.838932 -2.1338
-0.838632 -2.1332
-0.838333 -2.1326
-0.838033 -2.132
-0.837734 -2.1314
-0.837436 -2.1308
-0.837137 -2.13021
-0.836839 -2.12961
-0.83654 -2.12901
-0.836242 -2.12842
-0.835945 -2.12782
-0.835647 -2.12723
-0.83535 -2.12663
-0.835053 -2.12604
-0.834756 -2.12544
-0.834459 -2.12485
-0.834162 -2.12426
-0.833866 -2.12366
-0.83357 -2.12307
-0.833274 -2.12248
-0.832978 -2.12189
-0.832683 -2.1213
-0.832387 -2.12071
-0.832092 -2.12012
-0.831797 -2.11953
-0.831503 -2.11894
-0.831208 -2.11835
-0.830914 -2.11776
-0.83062 -2.11717
-0.830326 -2.11658
-0.830032 -2.116
-0.829738 -2.11541
-0.829445 -2.11482
-0.829152 -2.11424
-0.828859 -2.11365
-0.828566 -2.11306
-0.828274 -2.11248
-0.827981 -2.11189
-0.827689 -2.11131
-0.827397 -2.11073
-0.827105 -2.11014
-0.826814 -2.10956
-0.826522 -2.10898
-0.826231 -2.10839
-0.82594 -2.10781
-0.825649 -2.10723
-0.825359 -2.10665
-0.825068 -2.10607
-0.824778 -2.10549
-0.824488 -2.10491
-0.824198 -2.10433
-0.823909 -2.10375
-0.823619 -2.10317
-0.82333 -2.10259
-0.823041 -2.10201
-0.822752 -2.10144
-0.822463 -2.10086
-0.822175 -2.10028
-0.821887 -2.09971
-0.821599 -2.09913
-0.821311 -2.09855
-0.821023 -2.09798
-0.820736 -2.0974
-0.820448 -2.09683
-0.820161 -2.09625
-0.819874 -2.09568
-0.819587 -2.09511
-0.819301 -2.09453
-0.819014 -2.09396
-0.818728 -2.09339
-0.818442 -2.09282
-0.818156 -2.09224
-0.817871 -2.09167
-0.817585 -2.0911
-0.8173 -2.09053
-0.817015 -2.08996
-0.81673 -2.08939
-0.816445 -2.08882
-0.816161 -2.08825
-0.815877 -2.08769
-0.815593 -2.08712
-0.815309 -2.08655
-0.815025 -2.08598
-0.814741 -2.08541
-0.814458 -2.08485
-0.814175 -2.08428
-0.813892 -2.08372
-0.813609 -2.08315
-0.813326 -2.08258
-0.813044 -2.08202
-0.812761 -2.08145
-0.812479 -2.08089
-0.812197 -2.08033
-0.811916 -2.07976
-0.811634 -2.0792
-0.811353 -2.07864
-0.811072 -2.07807
-0.810791 -2.07751
-0.81051 -2.07695
-0.810229 -2.07639
-0.809949 -2.07583
-0.809668 -2.07527
-0.809388 -2.07471
-0.809108 -2.07415
-0.808829 -2.07359
-0.808549 -2.07303
-0.80827 -2.07247
-0.80799 -2.07191
-0.807711 -2.07135
-0.807433 -2.0708
-0.807154 -2.07024
-0.806875 -2.06968
-0.806597 -2.06913
-0.806319 -2.06857
-0.806041 -2.06801
-0.805763 -2.06746
-0.805486 -2.0669
-0.805208 -2.06635
-0.804931 -2.06579
-0.804654 -2.06524
-0.804377 -2.06469
-0.8041 -2.06413
-0.803824 -2.06358
-0.803547 -2.06303
-0.803271 -2.06247
-0.802995 -2.06192
-0.802719 -2.06137
-0.802444 -2.06082
-0.802168 -2.06027
-0.801893 -2.05972
-0.801618 -2.05917
-0.801343 -2.05862
-0.801068 -2.05807
-0.800794 -2.05752
-0.800519 -2.05697
-0.800245 -2.05642
-0.799971 -2.05587
-0.799697 -2.05533
-0.799423 -2.05478
-0.79915 -2.05423
-0.798876 -2.05368
-0.798603 -2.05314
-0.79833 -2.05259
-0.798057 -2.05205
-0.797784 -2.0515
-0.797512 -2.05096
-0.797239 -2.05041
-0.796967 -2.04987
-0.796695 -2.04932
-0.796423 -2.04878
-0.796152 -2.04824
-0.79588 -2.04769
-0.795609 -2.04715
-0.795337 -2.04661
-0.795066 -2.04606
-0.794796 -2.04552
-0.794525 -2.04498
-0.794254 -2.04444
-0.793984 -2.0439
-0.793714 -2.04336
-0.793444 -2.04282
-0.793174 -2.04228
-0.792904 -2.04174
-0.792635 -2.0412
-0.792366 -2.04066
-0.792096 -2.04012
-0.791827 -2.03959
-0.791559 -2.03905
-0.79129 -2.03851
-0.791021 -2.03797
-0.790753 -2.03744
-0.790485 -2.0369
-0.790217 -2.03637
-0.789949 -2.03583
-0.789681 -2.03529
-0.789414 -2.03476
-0.789147 -2.03423
-0.788879 -2.03369
-0.788612 -2.03316
-0.788346 -2.03262
-0.788079 -2.03209
-0.787812 -2.03156
-0.787546 -2.03102
-0.78728 -2.03049
-0.787014 -2.02996
-0.786748 -2.02943
-0.786482 -2.0289
-0.786217 -2.02837
-0.785951 -2.02783
-0.785686 -2.0273
-0.785421 -2.02677
-0.785156 -2.02624
-0.784891 -2.02571
-0.784627 -2.02519
-0.784362 -2.02466
-0.784098 -2.02413
-0.783834 -2.0236
-0.78357 -2.02307
-0.783306 -2.02254
-0.783043 -2.02202
-0.782779 -2.02149
-0.782516 -2.02096
-0.782253 -2.02044
-0.78199 -2.01991
-0.781727 -2.01939
-0.781464 -2.01886
-0.781202 -2.01834
-0.78094 -2.01781
-0.780677 -2.01729
-0.780415 -2.01676
-0.780154 -2.01624
-0.779892 -2.01572
-0.77963 -2.01519
-0.779369 -2.01467
-0.779108 -2.01415
-0.778847 -2.01363
-0.778586 -2.0131
-0.778325 -2.01258
-0.778064 -2.01206
-0.777804 -2.01154
-0.777544 -2.01102
-0.777284 -2.0105
-0.777024 -2.00998
-0.776764 -2.00946
-0.776504 -2.00894
-0.776245 -2.00842
-0.775985 -2.0079
-0.775726 -2.00738
-0.775467 -2.00687
-0.775208 -2.00635
-0.774949 -2.00583
-0.774691 -2.00531
-0.774432 -2.0048
-0.774174 -2.00428
-0.773916 -2.00376
-0.773658 -2.00325
-0.7734 -2.00273
-0.773142 -2.00222
-0.772885 -2.0017
-0.772628 -2.00119
-0.77237 -2.00067
-0.772113 -2.00016
-0.771856 -1.99964
-0.7716 -1.99913
-0.771343 -1.99862
-0.771087 -1.99811
-0.77083 -1.99759
-0.770574 -1.99708
-0.770318 -1.99657
-0.770062 -1.99606
-0.769807 -1.99555
-0.769551 -1.99503
-0.769296 -1.99452
-0.76904 -1.99401
-0.768785 -1.9935
-0.76853 -1.99299
-0.768276 -1.99248
-0.768021 -1.99197
-0.767766 -1.99146
-0.767512 -1.99096
-0.767258 -1.99045
-0.767004 -1.98994
-0.76675 -1.98943
-0.766496 -1.98892
-0.766243 -1.98842
-0.765989 -1.98791
-0.765736 -1.9874
-0.765483 -1.9869
-0.76523 -1.98639
-0.764977 -1.98589
-0.764724 -1.98538
-0.764472 -1.98488
-0.764219 -1.98437
-0.763967 -1.98387
-0.763715 -1.98336
-0.763463 -1.98286
-0.763211 -1.98235
-0.762959 -1.98185
-0.762708 -1.98135
-0.762456 -1.98084
-0.762205 -1.98034
-0.761954 -1.97984
-0.761703 -1.97934
-0.761452 -1.97884
-0.761201 -1.97833
-0.760951 -1.97783
-0.760701 -1.97733
-0.76045 -1.97683
-0.7602 -1.97633
-0.75995 -1.97583
-0.7597 -1.97533
-0.759451 -1.97483
-0.759201 -1.97433
-0.758952 -1.97384
-0.758703 -1.97334
-0.758454 -1.97284
-0.758205 -1.97234
-0.757956 -1.97184
-0.757707 -1.97135
-0.757459 -1.97085
-0.75721 -1.97035
-0.756962 -1.96986
-0.756714 -1.96936
-0.756466 -1.96886
-0.756218 -1.96837
-0.75597 -1.96787
-0.755723 -1.96738
-0.755475 -1.96688
-0.755228 -1.96639
-0.754981 -1.96589
-0.754734 -1.9654
-0.754487 -1.96491
-0.754241 -1.96441
-0.753994 -1.96392
-0.753748 -1.96343
-0.753501 -1.96293
-0.753255 -1.96244
-0.753009 -1.96195
-0.752763 -1.96146
-0.752518 -1.96097
-0.752272 -1.96048
-0.752027 -1.95999
-0.751781 -1.95949
-0.751536 -1.959
-0.751291 -1.95851
-0.751046 -1.95802
-0.750802 -1.95754
-0.750557 -1.95705
-0.750313 -1.95656
-0.750068 -1.95607
-0.749824 -1.95558
-0.74958 -1.95509
-0.749336 -1.9546
-0.749092 -1.95412
-0.748849 -1.95363
-0.748605 -1.95314
-0.748362 -1.95266
-0.748119 -1.95217
-0.747875 -1.95168
-0.747632 -1.9512
-0.74739 -1.95071
-0.747147 -1.95023
-0.746904 -1.94974
-0.746662 -1.94926
-0.74642 -1.94877
-0.746178 -1.94829
-0.745936 -1.9478
-0.745694 -1.94732
-0.745452 -1.94684
-0.74521 -1.94635
-0.744969 -1.94587
-0.744727 -1.94539
-0.744486 -1.9449
-0.744245 -1.94442
-0.744004 -1.94394
-0.743763 -1.94346
-0.743523 -1.94298
-0.743282 -1.9425
-0.743042 -1.94202
-0.742802 -1.94154
-0.742561 -1.94105
-0.742321 -1.94057
-0.742082 -1.9401
-0.741842 -1.93962
-0.741602 -1.93914
-0.741363 -1.93866
-0.741123 -1.93818
-0.740884 -1.9377
-0.740645 -1.93722
-0.740406 -1.93674
-0.740167 -1.93627
-0.739929 -1.93579
-0.73969 -1.93531
-0.739452 -1.93484
-0.739213 -1.93436
-0.738975 -1.93388
-0.738737 -1.93341
-0.738499 -1.93293
-0.738261 -1.93245
-0.738024 -1.93198
-0.737786 -1.9315
-0.737549 -1.93103
-0.737312 -1.93056
-0.737075 -1.93008
-0.736838 -1.92961
-0.736601 -1.92913
-0.736364 -1.92866
-0.736127 -1.92819
-0.735891 -1.92771
-0.735654 -1.92724
-0.735418 -1.92677
-0.735182 -1.9263
-0.734946 -1.92582
-0.73471 -1.92535
-0.734475 -1.92488
-0.734239 -1.92441
-0.734004 -1.92394
-0.733768 -1.92347
-0.733533 -1.923
-0.733298 -1.92253
-0.733063 -1.92206
-0.732828 -1.92159
-0.732594 -1.92112
-0.732359 -1.92065
-0.732125 -1.92018
-0.73189 -1.91971
-0.731656 -1.91924
-0.731422 -1.91878
-0.731188 -1.91831
-0.730954 -1.91784
-0.730721 -1.91737
-0.730487 -1.91691
-0.730254 -1.91644
-0.73002 -1.91597
-0.729787 -1.91551
-0.729554 -1.91504
-0.729321 -1.91457
-0.729088 -1.91411
-0.728856 -1.91364
-0.728623 -1.91318
-0.728391 -1.91271
-0.728158 -1.91225
-0.727926 -1.91178
-0.727694 -1.91132
-0.727462 -1.91086
-0.72723 -1.91039
-0.726999 -1.90993
-0.726767 -1.90947
-0.726536 -1.909
-0.726304 -1.90854
-0.726073 -1.90808
-0.725842 -1.90762
-0.725611 -1.90715
-0.72538 -1.90669
-0.72515 -1.90623
-0.724919 -1.90577
-0.724689 -1.90531
-0.724458 -1.90485
-0.724228 -1.90439
-0.723998 -1.90393
-0.723768 -1.90347
-0.723538 -1.90301
-0.723308 -1.90255
-0.723079 -1.90209
-0.722849 -1.90163
-0.72262 -1.90117
-0.722391 -1.90071
-0.722162 -1.90026
-0.721933 -1.8998
-0.721704 -1.89934
-0.721475 -1.89888
-0.721246 -1.89842
-0.721018 -1.89797
-0.720789 -1.89751
-0.720561 -1.89705
-0.720333 -1.8966
-0.720105 -1.89614
-0.719877 -1.89569
-0.719649 -1.89523
-0.719422 -1.89478
-0.719194 -1.89432
-0.718967 -1.89387
-0.718739 -1.89341
-0.718512 -1.89296
-0.718285 -1.8925
-0.718058 -1.89205
-0.717831 -1.89159
-0.717604 -1.89114
-0.717378 -1.89069
-0.717151 -1.89023
-0.716925 -1.88978
-0.716699 -1.88933
-0.716473 -1.88888
-0.716247 -1.88843
-0.716021 -1.88797
-0.715795 -1.88752
-0.715569 -1.88707
-0.715344 -1.88662
-0.715118 -1.88617
-0.714893 -1.88572
-0.714668 -1.88527
-0.714443 -1.88482
-0.714218 -1.88437
-0.713993 -1.88392
-0.713768 -1.88347
-0.713544 -1.88302
-0.713319 -1.88257
-0.713095 -1.88212
-0.71287 -1.88167
-0.712646 -1.88122
-0.712422 -1.88078
-0.712198 -1.88033
-0.711974 -1.87988
-0.711751 -1.87943
-0.711527 -1.87899
-0.711304 -1.87854
-0.71108 -1.87809
-0.710857 -1.87765
-0.710634 -1.8772
-0.710411 -1.87675
-0.710188 -1.87631
-0.709965 -1.87586
-0.709743 -1.87542
-0.70952 -1.87497
-0.709298 -1.87453
-0.709075 -1.87408
-0.708853 -1.87364
-0.708631 -1.87319
-0.708409 -1.87275
-0.708187 -1.87231
-0.707966 -1.87186
-0.707744 -1.87142
-0.707522 -1.87098
-0.707301 -1.87053
-0.70708 -1.87009
-0.706859 -1.86965
-0.706637 -1.86921
-0.706416 -1.86876
-0.706196 -1.86832
-0.705975 -1.86788
-0.705754 -1.86744
-0.705534 -1.867
-0.705313 -1.86656
-0.705093 -1.86612
-0.704873 -1.86568
-0.704653 -1.86524
-0.704433 -1.8648
-0.704213 -1.86436
-0.703993 -1.86392
-0.703774 -1.86348
-0.703554 -1.86304
-0.703335 -1.8626
-0.703116 -1.86216
-0.702896 -1.86172
-0.702677 -1.86129
-0.702458 -1.86085
-0.702239 -1.86041
-0.702021 -1.85997
-0.701802 -1.85954
-0.701584 -1.8591
-0.701365 -1.85866
-0.701147 -1.85823
-0.700929 -1.85779
-0.700711 -1.85735
-0.700493 -1.85692
-0.700275 -1.85648
-0.700057 -1.85605
-0.699839 -1.85561
-0.699622 -1.85518
-0.699405 -1.85474
-0.699187 -1.85431
-0.69897 -1.85387
-0.698753 -1.85344
-0.698536 -1.853
-0.698319 -1.85257
-0.698102 -1.85214
-0.697886 -1.8517
-0.697669 -1.85127
-0.697453 -1.85084
-0.697236 -1.8504
-0.69702 -1.84997
-0.696804 -1.84954
-0.696588 -1.84911
-0.696372 -1.84868
-0.696156 -1.84824
-0.695941 -1.84781
-0.695725 -1.84738
-0.695509 -1.84695
-0.695294 -1.84652
-0.695079 -1.84609
-0.694864 -1.84566
-0.694649 -1.84523
-0.694434 -1.8448
-0.694219 -1.84437
-0.694004 -1.84394
-0.693789 -1.84351
-0.693575 -1.84308
-0.693361 -1.84265
-0.693146 -1.84222
-0.692932 -1.8418
-0.692718 -1.84137
-0.692504 -1.84094
-0.69229 -1.84051
-0.692076 -1.84008
-0.691863 -1.83966
-0.691649 -1.83923
-0.691436 -1.8388
-0.691222 -1.83838
-0.691009 -1.83795
-0.690796 -1.83752
-0.690583 -1.8371
-0.69037 -1.83667
-0.690157 -1.83625
-0.689944 -1.83582
-0.689732 -1.8354
-0.689519 -1.83497
-0.689307 -1.83455
-0.689094 -1.83412
-0.688882 -1.8337
-0.68867 -1.83327
-0.688458 -1.83285
-0.688246 -1.83242
-0.688034 -1.832
-0.687823 -1.83158
-0.687611 -1.83115
-0.6874 -1.83073
-0.687188 -1.83031
-0.686977 -1.82989
-0.686766 -1.82946
-0.686555 -1.82904
-0.686344 -1.82862
-0.686133 -1.8282
-0.685922 -1.82778
-0.685711 -1.82735
-0.685501 -1.82693
-0.68529 -1.82651
-0.68508 -1.82609
-0.68487 -1.82567
-0.68466 -1.82525
-0.684449 -1.82483
-0.68424 -1.82441
-0.68403 -1.82399
-0.68382 -1.82357
-0.68361 -1.82315
-0.683401 -1.82273
-0.683191 -1.82231
-0.682982 -1.8219
-0.682773 -1.82148
-0.682564 -1.82106
-0.682354 -1.82064
-0.682146 -1.82022
-0.681937 -1.81981
-0.681728 -1.81939
-0.681519 -1.81897
-0.681311 -1.81855
-0.681102 -1.81814
-0.680894 -1.81772
-0.680686 -1.8173
-0.680478 -1.81689
-0.68027 -1.81647
-0.680062 -1.81606
-0.679854 -1.81564
-0.679646 -1.81522
-0.679438 -1.81481
-0.679231 -1.81439
-0.679023 -1.81398
-0.678816 -1.81356
-0.678609 -1.81315
-0.678402 -1.81274
-0.678195 -1.81232
-0.677988 -1.81191
-0.677781 -1.81149
-0.677574 -1.81108
-0.677367 -1.81067
-0.677161 -1.81025
-0.676954 -1.80984
-0.676748 -1.80943
-0.676542 -1.80902
-0.676335 -1.8086
-0.676129 -1.80819
-0.675923 -1.80778
-0.675718 -1.80737
-0.675512 -1.80696
-0.675306 -1.80654
-0.675101 -1.80613
-0.674895 -1.80572
-0.67469 -1.80531
-0.674484 -1.8049
-0.674279 -1.80449
-0.674074 -1.80408
-0.673869 -1.80367
-0.673664 -1.80326
-0.673459 -1.80285
-0.673255 -1.80244
-0.67305 -1.80203
-0.672845 -1.80162
-0.672641 -1.80121
-0.672437 -1.80081
-0.672233 -1.8004
-0.672028 -1.79999
-0.671824 -1.79958
-0.67162 -1.79917
-0.671417 -1.79877
-0.671213 -1.79836
-0.671009 -1.79795
-0.670806 -1.79754
-0.670602 -1.79714
-0.670399 -1.79673
-0.670195 -1.79632
-0.669992 -1.79592
-0.669789 -1.79551
-0.669586 -1.7951
-0.669383 -1.7947
-0.669181 -1.79429
-0.668978 -1.79389
-0.668775 -1.79348
-0.668573 -1.79308
-0.66837 -1.79267
-0.668168 -1.79227
-0.667966 -1.79186
-0.667764 -1.79146
-0.667562 -1.79106
-0.66736 -1.79065
-0.667158 -1.79025
-0.666956 -1.78984
-0.666754 -1.78944
-0.666553 -1.78904
-0.666351 -1.78863
-0.66615 -1.78823
-0.665949 -1.78783
-0.665747 -1.78743
-0.665546 -1.78702
-0.665345 -1.78662
-0.665144 -1.78622
-0.664943 -1.78582
-0.664743 -1.78542
-0.664542 -1.78502
-0.664342 -1.78462
-0.664141 -1.78421
-0.663941 -1.78381
-0.66374 -1.78341
-0.66354 -1.78301
-0.66334 -1.78261
-0.66314 -1.78221
-0.66294 -1.78181
-0.66274 -1.78141
-0.662541 -1.78101
-0.662341 -1.78061
-0.662142 -1.78022
-0.661942 -1.77982
-0.661743 -1.77942
-0.661544 -1.77902
-0.661344 -1.77862
-0.661145 -1.77822
-0.660946 -1.77782
-0.660747 -1.77743
-0.660549 -1.77703
-0.66035 -1.77663
-0.660151 -1.77623
-0.659953 -1.77584
-0.659754 -1.77544
-0.659556 -1.77504
-0.659358 -1.77465
-0.659159 -1.77425
-0.658961 -1.77385
-0.658763 -1.77346
-0.658565 -1.77306
-0.658368 -1.77267
-0.65817 -1.77227
-0.657972 -1.77188
-0.657775 -1.77148
-0.657577 -1.77109
-0.65738 -1.77069
-0.657183 -1.7703
-0.656986 -1.7699
-0.656788 -1.76951
-0.656591 -1.76911
-0.656394 -1.76872
-0.656198 -1.76833
-0.656001 -1.76793
-0.655804 -1.76754
-0.655608 -1.76715
-0.655411 -1.76675
-0.655215 -1.76636
-0.655019 -1.76597
-0.654822 -1.76558
-0.654626 -1.76518
-0.65443 -1.76479
-0.654234 -1.7644
-0.654038 -1.76401
-0.653843 -1.76362
-0.653647 -1.76323
-0.653451 -1.76283
-0.653256 -1.76244
-0.653061 -1.76205
-0.652865 -1.76166
-0.65267 -1.76127
-0.652475 -1.76088
-0.65228 -1.76049
-0.652085 -1.7601
-0.65189 -1.75971
-0.651695 -1.75932
-0.6515 -1.75893
-0.651306 -1.75854
-0.651111 -1.75815
-0.650917 -1.75777
-0.650722 -1.75738
-0.650528 -1.75699
-0.650334 -1.7566
-0.65014 -1.75621
-0.649946 -1.75582
-0.649752 -1.75544
-0.649558 -1.75505
-0.649364 -1.75466
-0.649171 -1.75427
-0.648977 -1.75389
-0.648784 -1.7535
-0.64859 -1.75311
-0.648397 -1.75273
-0.648204 -1.75234
-0.648011 -1.75195
-0.647817 -1.75157
-0.647625 -1.75118
-0.647432 -1.7508
-0.647239 -1.75041
-0.647046 -1.75002
-0.646853 -1.74964
-0.646661 -1.74925
-0.646468 -1.74887
-0.646276 -1.74848
-0.646084 -1.7481
-0.645892 -1.74772
-0.645699 -1.74733
-0.645507 -1.74695
-0.645315 -1.74656
-0.645124 -1.74618
-0.644932 -1.7458
-0.64474 -1.74541
-0.644548 -1.74503
-0.644357 -1.74465
-0.644166 -1.74426
-0.643974 -1.74388
-0.643783 -1.7435
-0.643592 -1.74312
-0.643401 -1.74273
-0.64321 -1.74235
-0.643019 -1.74197
-0.642828 -1.74159
-0.642637 -1.74121
-0.642446 -1.74082
-0.642256 -1.74044
-0.642065 -1.74006
-0.641875 -1.73968
-0.641684 -1.7393
-0.641494 -1.73892
-0.641304 -1.73854
-0.641114 -1.73816
-0.640924 -1.73778
-0.640734 -1.7374
-0.640544 -1.73702
-0.640354 -1.73664
-0.640165 -1.73626
-0.639975 -1.73588
-0.639785 -1.7355
-0.639596 -1.73512
-0.639407 -1.73475
-0.639217 -1.73437
-0.639028 -1.73399
-0.638839 -1.73361
-0.63865 -1.73323
-0.638461 -1.73285
-0.638272 -1.73248
-0.638083 -1.7321
-0.637895 -1.73172
-0.637706 -1.73134
-0.637518 -1.73097
-0.637329 -1.73059
-0.637141 -1.73021
-0.636952 -1.72984
-0.636764 -1.72946
-0.636576 -1.72908
-0.636388 -1.72871
-0.6362 -1.72833
-0.636012 -1.72796
-0.635824 -1.72758
-0.635637 -1.72721
-0.635449 -1.72683
-0.635261 -1.72645
-0.635074 -1.72608
-0.634887 -1.72571
-0.634699 -1.72533
-0.634512 -1.72496
-0.634325 -1.72458
-0.634138 -1.72421
-0.633951 -1.72383
-0.633764 -1.72346
-0.633577 -1.72309
-0.63339 -1.72271
-0.633204 -1.72234
-0.633017 -1.72197
-0.632831 -1.72159
-0.632644 -1.72122
-0.632458 -1.72085
-0.632271 -1.72047
-0.632085 -1.7201
-0.631899 -1.71973
-0.631713 -1.71936
-0.631527 -1.71899
-0.631341 -1.71861
-0.631155 -1.71824
-0.63097 -1.71787
-0.630784 -1.7175
-0.630599 -1.71713
-0.630413 -1.71676
-0.630228 -1.71639
-0.630042 -1.71602
-0.629857 -1.71565
-0.629672 -1.71528
-0.629487 -1.71491
-0.629302 -1.71454
-0.629117 -1.71417
-0.628932 -1.7138
-0.628747 -1.71343
-0.628563 -1.71306
-0.628378 -1.71269
-0.628194 -1.71232
-0.628009 -1.71195
-0.627825 -1.71158
-0.62764 -1.71121
-0.627456 -1.71084
-0.627272 -1.71048
-0.627088 -1.71011
-0.626904 -1.70974
-0.62672 -1.70937
-0.626536 -1.709
-0.626353 -1.70864
-0.626169 -1.70827
-0.625985 -1.7079
-0.625802 -1.70754
-0.625618 -1.70717
-0.625435 -1.7068
-0.625252 -1.70644
-0.625068 -1.70607
-0.624885 -1.7057
-0.624702 -1.70534
-0.624519 -1.70497
-0.624336 -1.7046
-0.624154 -1.70424
-0.623971 -1.70387
-0.623788 -1.70351
-0.623606 -1.70314
-0.623423 -1.70278
-0.623241 -1.70241
-0.623058 -1.70205
-0.622876 -1.70168
-0.622694 -1.70132
-0.622512 -1.70096
-0.62233 -1.70059
-0.622148 -1.70023
-0.621966 -1.69986
-0.621784 -1.6995
-0.621602 -1.69914
-0.62142 -1.69877
-0.621239 -1.69841
-0.621057 -1.69805
-0.620876 -1.69768
-0.620694 -1.69732
-0.620513 -1.69696
-0.620332 -1.6966
-0.620151 -1.69623
-0.61997 -1.69587
-0.619789 -1.69551
-0.619608 -1.69515
-0.619427 -1.69479
-0.619246 -1.69442
-0.619066 -1.69406
-0.618885 -1.6937
-0.618704 -1.69334
-0.618524 -1.69298
-0.618344 -1.69262
-0.618163 -1.69226
-0.617983 -1.6919
-0.617803 -1.69154
-0.617623 -1.69118
-0.617443 -1.69082
-0.617263 -1.69046
-0.617083 -1.6901
-0.616903 -1.68974
-0.616723 -1.68938
-0.616544 -1.68902
-0.616364 -1.68866
-0.616185 -1.6883
-0.616005 -1.68794
-0.615826 -1.68758
-0.615647 -1.68723
-0.615467 -1.68687
-0.615288 -1.68651
-0.615109 -1.68615
-0.61493 -1.68579
-0.614751 -1.68543
-0.614572 -1.68508
-0.614394 -1.68472
-0.614215 -1.68436
-0.614036 -1.684
-0.613858 -1.68365
-0.613679 -1.68329
-0.613501 -1.68293
-0.613323 -1.68258
-0.613144 -1.68222
-0.612966 -1.68186
-0.612788 -1.68151
-0.61261 -1.68115
-0.612432 -1.6808
-0.612254 -1.68044
-0.612077 -1.68009
-0.611899 -1.67973
-0.611721 -1.67937
-0.611544 -1.67902
-0.611366 -1.67866
-0.611189 -1.67831
-0.611011 -1.67795
-0.610834 -1.6776
-0.610657 -1.67725
-0.61048 -1.67689
-0.610302 -1.67654
-0.610125 -1.67618
-0.609949 -1.67583
-0.609772 -1.67548
-0.609595 -1.67512
-0.609418 -1.67477
-0.609241 -1.67441
-0.609065 -1.67406
-0.608888 -1.67371
-0.608712 -1.67336
-0.608536 -1.673
-0.608359 -1.67265
-0.608183 -1.6723
-0.608007 -1.67195
-0.607831 -1.67159
-0.607655 -1.67124
-0.607479 -1.67089
-0.607303 -1.67054
-0.607127 -1.67019
-0.606952 -1.66984
-0.606776 -1.66948
-0.6066 -1.66913
-0.606425 -1.66878
-0.606249 -1.66843
-0.606074 -1.66808
-0.605899 -1.66773
-0.605723 -1.66738
-0.605548 -1.66703
-0.605373 -1.66668
-0.605198 -1.66633
-0.605023 -1.66598
-0.604848 -1.66563
-0.604674 -1.66528
-0.604499 -1.66493
-0.604324 -1.66458
-0.60415 -1.66423
-0.603975 -1.66388
-0.603801 -1.66353
-0.603626 -1.66318
-0.603452 -1.66284
-0.603278 -1.66249
-0.603104 -1.66214
-0.602929 -1.66179
-0.602755 -1.66144
-0.602581 -1.66109
-0.602408 -1.66075
-0.602234 -1.6604
-0.60206 -1.66005
-0.601886 -1.6597
-0.601713 -1.65936
-0.601539 -1.65901
-0.601366 -1.65866
-0.601192 -1.65832
-0.601019 -1.65797
-0.600846 -1.65762
-0.600672 -1.65728
-0.600499 -1.65693
-0.600326 -1.65658
-0.600153 -1.65624
-0.59998 -1.65589
-0.599808 -1.65555
-0.599635 -1.6552
-0.599462 -1.65486
-0.599289 -1.65451
-0.599117 -1.65417
-0.598944 -1.65382
-0.598772 -1.65348
-0.598599 -1.65313
-0.598427 -1.65279
-0.598255 -1.65244
-0.598083 -1.6521
-0.597911 -1.65175
-0.597739 -1.65141
-0.597567 -1.65107
-0.597395 -1.65072
-0.597223 -1.65038
-0.597051 -1.65003
-0.596879 -1.64969
-0.596708 -1.64935
-0.596536 -1.649
-0.596365 -1.64866
-0.596193 -1.64832
-0.596022 -1.64798
-0.595851 -1.64763
-0.59568 -1.64729
-0.595508 -1.64695
-0.595337 -1.64661
-0.595166 -1.64626
-0.594995 -1.64592
-0.594824 -1.64558
-0.594654 -1.64524
-0.594483 -1.6449
-0.594312 -1.64456
-0.594142 -1.64422
-0.593971 -1.64387
-0.593801 -1.64353
-0.59363 -1.64319
-0.59346 -1.64285
-0.59329 -1.64251
-0.593119 -1.64217
-0.592949 -1.64183
-0.592779 -1.64149
-0.592609 -1.64115
-0.592439 -1.64081
-0.592269 -1.64047
-0.592099 -1.64013
-0.59193 -1.63979
-0.59176 -1.63945
-0.59159 -1.63911
-0.591421 -1.63877
-0.591251 -1.63843
-0.591082 -1.6381
-0.590913 -1.63776
-0.590743 -1.63742
-0.590574 -1.63708
-0.590405 -1.63674
-0.590236 -1.6364
-0.590067 -1.63607
-0.589898 -1.63573
-0.589729 -1.63539
-0.58956 -1.63505
-0.589391 -1.63471
-0.589223 -1.63438
-0.589054 -1.63404
-0.588886 -1.6337
-0.588717 -1.63337
-0.588549 -1.63303
-0.58838 -1.63269
-0.588212 -1.63236
-0.588044 -1.63202
-0.587876 -1.63168
-0.587707 -1.63135
-0.587539 -1.63101
-0.587371 -1.63067
-0.587204 -1.63034
-0.587036 -1.63
-0.586868 -1.62967
-0.5867 -1.62933
-0.586533 -1.629
-0.586365 -1.62866
-0.586197 -1.62833
-0.58603 -1.62799
-0.585863 -1.62766
-0.585695 -1.62732
-0.585528 -1.62699
-0.585361 -1.62665
-0.585194 -1.62632
-0.585027 -1.62599
-0.58486 -1.62565
-0.584693 -1.62532
-0.584526 -1.62498
-0.584359 -1.62465
-0.584192 -1.62432
-0.584026 -1.62398
-0.583859 -1.62365
-0.583692 -1.62332
-0.583526 -1.62298
-0.583359 -1.62265
-0.583193 -1.62232
-0.583027 -1.62199
-0.582861 -1.62165
-0.582694 -1.62132
-0.582528 -1.62099
-0.582362 -1.62066
-0.582196 -1.62032
-0.58203 -1.61999
-0.581865 -1.61966
-0.581699 -1.61933
-0.581533 -1.619
-0.581367 -1.61867
-0.581202 -1.61834
-0.581036 -1.618
-0.580871 -1.61767
-0.580705 -1.61734
-0.58054 -1.61701
-0.580375 -1.61668
-0.580209 -1.61635
-0.580044 -1.61602
-0.579879 -1.61569
-0.579714 -1.61536
-0.579549 -1.61503
-0.579384 -1.6147
-0.579219 -1.61437
-0.579055 -1.61404
-0.57889 -1.61371
-0.578725 -1.61338
-0.578561 -1.61305
-0.578396 -1.61272
-0.578232 -1.6124
-0.578067 -1.61207
-0.577903 -1.61174
-0.577739 -1.61141
-0.577574 -1.61108
-0.57741 -1.61075
-0.577246 -1.61042
-0.577082 -1.6101
-0.576918 -1.60977
-0.576754 -1.60944
-0.57659 -1.60911
-0.576426 -1.60878
-0.576263 -1.60846
-0.576099 -1.60813
-0.575935 -1.6078
-0.575772 -1.60748
-0.575608 -1.60715
-0.575445 -1.60682
-0.575282 -1.6065
-0.575118 -1.60617
-0.574955 -1.60584
-0.574792 -1.60552
-0.574629 -1.60519
-0.574466 -1.60486
-0.574303 -1.60454
-0.57414 -1.60421
-0.573977 -1.60389
-0.573814 -1.60356
-0.573651 -1.60323
-0.573489 -1.60291
-0.573326 -1.60258
-0.573164 -1.60226
-0.573001 -1.60193
-0.572839 -1.60161
-0.572676 -1.60128
-0.572514 -1.60096
-0.572352 -1.60064
-0.572189 -1.60031
-0.572027 -1.59999
-0.571865 -1.59966
-0.571703 -1.59934
-0.571541 -1.59901
-0.571379 -1.59869
-0.571217 -1.59837
-0.571056 -1.59804
-0.570894 -1.59772
-0.570732 -1.5974
-0.570571 -1.59707
-0.570409 -1.59675
-0.570248 -1.59643
-0.570086 -1.5961
-0.569925 -1.59578
-0.569764 -1.59546
-0.569602 -1.59514
-0.569441 -1.59481
-0.56928 -1.59449
-0.569119 -1.59417
-0.568958 -1.59385
-0.568797 -1.59353
-0.568636 -1.5932
-0.568475 -1.59288
-0.568315 -1.59256
-0.568154 -1.59224
-0.567993 -1.59192
-0.567833 -1.5916
-0.567672 -1.59128
-0.567512 -1.59096
-0.567351 -1.59063
-0.567191 -1.59031
-0.567031 -1.58999
-0.56687 -1.58967
-0.56671 -1.58935
-0.56655 -1.58903
-0.56639 -1.58871
-0.56623 -1.58839
-0.56607 -1.58807
-0.56591 -1.58775
-0.565751 -1.58743
-0.565591 -1.58711
-0.565431 -1.58679
-0.565271 -1.58647
-0.565112 -1.58616
-0.564952 -1.58584
-0.564793 -1.58552
-0.564633 -1.5852
-0.564474 -1.58488
-0.564315 -1.58456
-0.564156 -1.58424
-0.563996 -1.58392
-0.563837 -1.58361
-0.563678 -1.58329
-0.563519 -1.58297
-0.56336 -1.58265
-0.563201 -1.58233
-0.563043 -1.58202
-0.562884 -1.5817
-0.562725 -1.58138
-0.562567 -1.58107
-0.562408 -1.58075
-0.562249 -1.58043
-0.562091 -1.58011
-0.561933 -1.5798
-0.561774 -1.57948
-0.561616 -1.57916
-0.561458 -1.57885
-0.561299 -1.57853
-0.561141 -1.57821
-0.560983 -1.5779
-0.560825 -1.57758
-0.560667 -1.57727
-0.560509 -1.57695
-0.560352 -1.57664
-0.560194 -1.57632
-0.560036 -1.576
-0.559878 -1.57569
-0.559721 -1.57537
-0.559563 -1.57506
-0.559406 -1.57474
-0.559248 -1.57443
-0.559091 -1.57411
-0.558934 -1.5738
-0.558776 -1.57348
-0.558619 -1.57317
-0.558462 -1.57286
-0.558305 -1.57254
-0.558148 -1.57223
-0.557991 -1.57191
-0.557834 -1.5716
-0.557677 -1.57129
-0.55752 -1.57097
-0.557363 -1.57066
-0.557207 -1.57035
-0.55705 -1.57003
-0.556894 -1.56972
-0.556737 -1.56941
-0.556581 -1.56909
-0.556424 -1.56878
-0.556268 -1.56847
-0.556111 -1.56815
-0.555955 -1.56784
-0.555799 -1.56753
-0.555643 -1.56722
-0.555487 -1.56691
-0.555331 -1.56659
-0.555175 -1.56628
-0.555019 -1.56597
-0.554863 -1.56566
-0.554707 -1.56535
-0.554551 -1.56503
-0.554396 -1.56472
-0.55424 -1.56441
-0.554085 -1.5641
-0.553929 -1.56379
-0.553774 -1.56348
-0.553618 -1.56317
-0.553463 -1.56286
-0.553308 -1.56255
-0.553152 -1.56224
-0.552997 -1.56193
-0.552842 -1.56162
-0.552687 -1.56131
-0.552532 -1.561
-0.552377 -1.56069
-0.552222 -1.56038
-0.552067 -1.56007
-0.551912 -1.55976
-0.551758 -1.55945
-0.551603 -1.55914
-0.551448 -1.55883
-0.551294 -1.55852
-0.551139 -1.55821
-0.550985 -1.5579
-0.55083 -1.55759
-0.550676 -1.55728
-0.550522 -1.55698
-0.550367 -1.55667
-0.550213 -1.55636
-0.550059 -1.55605
-0.549905 -1.55574
-0.549751 -1.55543
-0.549597 -1.55513
-0.549443 -1.55482
-0.549289 -1.55451
-0.549135 -1.5542
-0.548982 -1.5539
-0.548828 -1.55359
-0.548674 -1.55328
-0.548521 -1.55297
-0.548367 -1.55267
-0.548214 -1.55236
-0.54806 -1.55205
-0.547907 -1.55175
-0.547753 -1.55144
-0.5476 -1.55113
-0.547447 -1.55083
-0.547294 -1.55052
-0.547141 -1.55021
-0.546988 -1.54991
-0.546835 -1.5496
-0.546682 -1.5493
-0.546529 -1.54899
-0.546376 -1.54868
-0.546223 -1.54838
-0.54607 -1.54807
-0.545918 -1.54777
-0.545765 -1.54746
-0.545613 -1.54716
-0.54546 -1.54685
-0.545308 -1.54655
-0.545155 -1.54624
-0.545003 -1.54594
-0.54485 -1.54563
-0.544698 -1.54533
-0.544546 -1.54502
-0.544394 -1.54472
-0.544242 -1.54442
-0.54409 -1.54411
-0.543938 -1.54381
-0.543786 -1.5435
-0.543634 -1.5432
-0.543482 -1.5429
-0.54333 -1.54259
-0.543179 -1.54229
-0.543027 -1.54199
-0.542875 -1.54168
-0.542724 -1.54138
-0.542572 -1.54108
-0.542421 -1.54077
-0.542269 -1.54047
-0.542118 -1.54017
-0.541967 -1.53987
-0.541816 -1.53956
-0.541664 -1.53926
-0.541513 -1.53896
-0.541362 -1.53866
-0.541211 -1.53835
-0.54106 -1.53805
-0.540909 -1.53775
-0.540758 -1.53745
-0.540608 -1.53715
-0.540457 -1.53685
-0.540306 -1.53654
-0.540155 -1.53624
-0.540005 -1.53594
-0.539854 -1.53564
-0.539704 -1.53534
-0.539553 -1.53504
-0.539403 -1.53474
-0.539252 -1.53444
-0.539102 -1.53414
-0.538952 -1.53384
-0.538802 -1.53354
-0.538652 -1.53324
-0.538501 -1.53293
-0.538351 -1.53263
-0.538201 -1.53233
-0.538052 -1.53203
-0.537902 -1.53174
-0.537752 -1.53144
-0.537602 -1.53114
-0.537452 -1.53084
-0.537303 -1.53054
-0.537153 -1.53024
-0.537003 -1.52994
-0.536854 -1.52964
-0.536704 -1.52934
-0.536555 -1.52904
-0.536406 -1.52874
-0.536256 -1.52844
-0.536107 -1.52815
-0.535958 -1.52785
-0.535809 -1.52755
-0.53566 -1.52725
-0.53551 -1.52695
-0.535361 -1.52665
-0.535212 -1.52636
-0.535064 -1.52606
-0.534915 -1.52576
-0.534766 -1.52546
-0.534617 -1.52517
-0.534468 -1.52487
-0.53432 -1.52457
-0.534171 -1.52427
-0.534023 -1.52398
-0.533874 -1.52368
-0.533726 -1.52338
-0.533577 -1.52309
-0.533429 -1.52279
-0.533281 -1.52249
-0.533132 -1.5222
-0.532984 -1.5219
-0.532836 -1.5216
-0.532688 -1.52131
-0.53254 -1.52101
-0.532392 -1.52072
-0.532244 -1.52042
-0.532096 -1.52012
-0.531948 -1.51983
-0.5318 -1.51953
-0.531653 -1.51924
-0.531505 -1.51894
-0.531357 -1.51865
-0.53121 -1.51835
-0.531062 -1.51806
-0.530915 -1.51776
-0.530767 -1.51747
-0.53062 -1.51717
-0.530473 -1.51688
-0.530325 -1.51658
-0.530178 -1.51629
-0.530031 -1.51599
-0.529884 -1.5157
-0.529737 -1.51541
-0.52959 -1.51511
-0.529443 -1.51482
-0.529296 -1.51452
-0.529149 -1.51423
-0.529002 -1.51394
-0.528855 -1.51364
-0.528708 -1.51335
-0.528562 -1.51306
-0.528415 -1.51276
-0.528268 -1.51247
-0.528122 -1.51218
-0.527975 -1.51188
-0.527829 -1.51159
-0.527682 -1.5113
-0.527536 -1.511
-0.52739 -1.51071
-0.527244 -1.51042
-0.527097 -1.51013
-0.526951 -1.50983
-0.526805 -1.50954
-0.526659 -1.50925
-0.526513 -1.50896
-0.526367 -1.50867
-0.526221 -1.50837
-0.526075 -1.50808
-0.525929 -1.50779
-0.525784 -1.5075
-0.525638 -1.50721
-0.525492 -1.50692
-0.525347 -1.50663
-0.525201 -1.50633
-0.525056 -1.50604
-0.52491 -1.50575
-0.524765 -1.50546
-0.524619 -1.50517
-0.524474 -1.50488
-0.524329 -1.50459
-0.524184 -1.5043
-0.524038 -1.50401
-0.523893 -1.50372
-0.523748 -1.50343
-0.523603 -1.50314
-0.523458 -1.50285
-0.523313 -1.50256
-0.523168 -1.50227
-0.523024 -1.50198
-0.522879 -1.50169
-0.522734 -1.5014
-0.522589 -1.50111
-0.522445 -1.50082
-0.5223 -1.50053
-0.522156 -1.50024
-0.522011 -1.49995
-0.521867 -1.49967
-0.521722 -1.49938
-0.521578 -1.49909
-0.521434 -1.4988
-0.521289 -1.49851
-0.521145 -1.49822
-0.521001 -1.49793
-0.520857 -1.49765
-0.520713 -1.49736
-0.520569 -1.49707
-0.520425 -1.49678
-0.520281 -1.49649
-0.520137 -1.49621
-0.519993 -1.49592
-0.519849 -1.49563
-0.519706 -1.49534
-0.519562 -1.49506
-0.519418 -1.49477
-0.519275 -1.49448
-0.519131 -1.49419
-0.518988 -1.49391
-0.518844 -1.49362
-0.518701 -1.49333
-0.518557 -1.49305
-0.518414 -1.49276
-0.518271 -1.49247
-0.518128 -1.49219
-0.517984 -1.4919
-0.517841 -1.49161
-0.517698 -1.49133
-0.517555 -1.49104
-0.517412 -1.49076
-0.517269 -1.49047
-0.517126 -1.49018
-0.516984 -1.4899
-0.516841 -1.48961
-0.516698 -1.48933
-0.516555 -1.48904
-0.516413 -1.48876
-0.51627 -1.48847
-0.516128 -1.48819
-0.515985 -1.4879
-0.515843 -1.48762
-0.5157 -1.48733
-0.515558 -1.48705
-0.515415 -1.48676
-0.515273 -1.48648
-0.515131 -1.48619
-0.514989 -1.48591
-0.514847 -1.48563
-0.514705 -1.48534
-0.514563 -1.48506
-0.514421 -1.48477
-0.514279 -1.48449
-0.514137 -1.48421
-0.513995 -1.48392
-0.513853 -1.48364
-0.513711 -1.48335
-0.51357 -1.48307
-0.513428 -1.48279
-0.513286 -1.4825
-0.513145 -1.48222
-0.513003 -1.48194
-0.512862 -1.48166
-0.51272 -1.48137
-0.512579 -1.48109
-0.512437 -1.48081
-0.512296 -1.48052
-0.512155 -1.48024
-0.512014 -1.47996
-0.511873 -1.47968
-0.511731 -1.47939
-0.51159 -1.47911
-0.511449 -1.47883
-0.511308 -1.47855
-0.511167 -1.47827
-0.511026 -1.47798
-0.510886 -1.4777
-0.510745 -1.47742
-0.510604 -1.47714
-0.510463 -1.47686
-0.510323 -1.47658
-0.510182 -1.4763
-0.510042 -1.47601
-0.509901 -1.47573
-0.509761 -1.47545
-0.50962 -1.47517
-0.50948 -1.47489
-0.509339 -1.47461
-0.509199 -1.47433
-0.509059 -1.47405
-0.508919 -1.47377
-0.508778 -1.47349
-0.508638 -1.47321
-0.508498 -1.47293
-0.508358 -1.47265
-0.508218 -1.47237
-0.508078 -1.47209
-0.507938 -1.47181
-0.507799 -1.47153
-0.507659 -1.47125
-0.507519 -1.47097
-0.507379 -1.47069
-0.50724 -1.47041
-0.5071 -1.47013
-0.50696 -1.46985
-0.506821 -1.46957
-0.506681 -1.46929
-0.506542 -1.46902
-0.506403 -1.46874
-0.506263 -1.46846
-0.506124 -1.46818
-0.505985 -1.4679
-0.505845 -1.46762
-0.505706 -1.46734
-0.505567 -1.46707
-0.505428 -1.46679
-0.505289 -1.46651
-0.50515 -1.46623
-0.505011 -1.46595
-0.504872 -1.46568
-0.504733 -1.4654
-0.504594 -1.46512
-0.504456 -1.46484
-0.504317 -1.46457
-0.504178 -1.46429
-0.50404 -1.46401
-0.503901 -1.46373
-0.503762 -1.46346
-0.503624 -1.46318
-0.503485 -1.4629
-0.503347 -1.46263
-0.503209 -1.46235
-0.50307 -1.46207
-0.502932 -1.4618
-0.502794 -1.46152
-0.502656 -1.46124
-0.502517 -1.46097
-0.502379 -1.46069
-0.502241 -1.46041
-0.502103 -1.46014
-0.501965 -1.45986
-0.501827 -1.45959
-0.501689 -1.45931
-0.501552 -1.45904
-0.501414 -1.45876
-0.501276 -1.45848
-0.501138 -1.45821
-0.501001 -1.45793
-0.500863 -1.45766
-0.500725 -1.45738
-0.500588 -1.45711
-0.50045 -1.45683
-0.500313 -1.45656
-0.500176 -1.45628
-0.500038 -1.45601
-0.499901 -1.45573
-0.499764 -1.45546
-0.499626 -1.45518
-0.499489 -1.45491
-0.499352 -1.45464
-0.499215 -1.45436
-0.499078 -1.45409
-0.498941 -1.45381
-0.498804 -1.45354
-0.498667 -1.45327
-0.49853 -1.45299
-0.498393 -1.45272
-0.498256 -1.45244
-0.49812 -1.45217
-0.497983 -1.4519
-0.497846 -1.45162
-0.497709 -1.45135
-0.497573 -1.45108
-0.497436 -1.4508
-0.4973 -1.45053
-0.497163 -1.45026
-0.497027 -1.44999
-0.496891 -1.44971
-0.496754 -1.44944
-0.496618 -1.44917
-0.496482 -1.4489
-0.496345 -1.44862
-0.496209 -1.44835
-0.496073 -1.44808
-0.495937 -1.44781
-0.495801 -1.44753
-0.495665 -1.44726
-0.495529 -1.44699
-0.495393 -1.44672
-0.495257 -1.44645
-0.495122 -1.44618
-0.494986 -1.4459
-0.49485 -1.44563
-0.494714 -1.44536
-0.494579 -1.44509
-0.494443 -1.44482
-0.494307 -1.44455
-0.494172 -1.44428
-0.494036 -1.444
-0.493901 -1.44373
-0.493766 -1.44346
-0.49363 -1.44319
-0.493495 -1.44292
-0.49336 -1.44265
-0.493224 -1.44238
-0.493089 -1.44211
-0.492954 -1.44184
-0.492819 -1.44157
-0.492684 -1.4413
-0.492549 -1.44103
-0.492414 -1.44076
-0.492279 -1.44049
-0.492144 -1.44022
-0.492009 -1.43995
-0.491874 -1.43968
-0.49174 -1.43941
-0.491605 -1.43914
-0.49147 -1.43887
-0.491336 -1.4386
-0.491201 -1.43833
-0.491066 -1.43806
-0.490932 -1.4378
-0.490797 -1.43753
-0.490663 -1.43726
-0.490529 -1.43699
-0.490394 -1.43672
-0.49026 -1.43645
-0.490126 -1.43618
-0.489991 -1.43591
-0.489857 -1.43565
-0.489723 -1.43538
-0.489589 -1.43511
-0.489455 -1.43484
-0.489321 -1.43457
-0.489187 -1.43431
-0.489053 -1.43404
-0.488919 -1.43377
-0.488785 -1.4335
-0.488651 -1.43323
-0.488518 -1.43297
-0.488384 -1.4327
-0.48825 -1.43243
-0.488117 -1.43217
-0.487983 -1.4319
-0.487849 -1.43163
-0.487716 -1.43136
-0.487582 -1.4311
-0.487449 -1.43083
-0.487316 -1.43056
-0.487182 -1.4303
-0.487049 -1.43003
-0.486916 -1.42976
-0.486782 -1.4295
-0.486649 -1.42923
-0.486516 -1.42896
-0.486383 -1.4287
-0.48625 -1.42843
-0.486117 -1.42817
-0.485984 -1.4279
-0.485851 -1.42763
-0.485718 -1.42737
-0.485585 -1.4271
-0.485452 -1.42684
-0.485319 -1.42657
-0.485187 -1.42631
-0.485054 -1.42604
-0.484921 -1.42577
-0.484789 -1.42551
-0.484656 -1.42524
-0.484524 -1.42498
-0.484391 -1.42471
-0.484259 -1.42445
-0.484126 -1.42418
-0.483994 -1.42392
-0.483861 -1.42365
-0.483729 -1.42339
-0.483597 -1.42313
-0.483465 -1.42286
-0.483332 -1.4226
-0.4832 -1.42233
-0.483068 -1.42207
-0.482936 -1.4218
-0.482804 -1.42154
-0.482672 -1.42128
-0.48254 -1.42101
-0.482408 -1.42075
-0.482276 -1.42048
-0.482145 -1.42022
-0.482013 -1.41996
-0.481881 -1.41969
-0.481749 -1.41943
-0.481618 -1.41917
-0.481486 -1.4189
-0.481354 -1.41864
-0.481223 -1.41838
-0.481091 -1.41811
-0.48096 -1.41785
-0.480829 -1.41759
-0.480697 -1.41733
-0.480566 -1.41706
-0.480434 -1.4168
-0.480303 -1.41654
-0.480172 -1.41628
-0.480041 -1.41601
-0.47991 -1.41575
-0.479779 -1.41549
-0.479647 -1.41523
-0.479516 -1.41496
-0.479385 -1.4147
-0.479255 -1.41444
-0.479124 -1.41418
-0.478993 -1.41392
-0.478862 -1.41366
-0.478731 -1.41339
-0.4786 -1.41313
-0.47847 -1.41287
-0.478339 -1.41261
-0.478208 -1.41235
-0.478078 -1.41209
-0.477947 -1.41183
-0.477817 -1.41157
-0.477686 -1.4113
-0.477556 -1.41104
-0.477425 -1.41078
-0.477295 -1.41052
-0.477165 -1.41026
-0.477034 -1.41
-0.476904 -1.40974
-0.476774 -1.40948
-0.476644 -1.40922
-0.476514 -1.40896
-0.476384 -1.4087
-0.476254 -1.40844
-0.476124 -1.40818
-0.475994 -1.40792
-0.475864 -1.40766
-0.475734 -1.4074
-0.475604 -1.40714
-0.475474 -1.40688
-0.475344 -1.40662
-0.475215 -1.40636
-0.475085 -1.4061
-0.474955 -1.40584
-0.474826 -1.40558
-0.474696 -1.40532
-0.474566 -1.40506
-0.474437 -1.40481
-0.474307 -1.40455
-0.474178 -1.40429
-0.474049 -1.40403
-0.473919 -1.40377
-0.47379 -1.40351
-0.473661 -1.40325
-0.473531 -1.40299
-0.473402 -1.40274
-0.473273 -1.40248
-0.473144 -1.40222
-0.473015 -1.40196
-0.472886 -1.4017
-0.472757 -1.40145
-0.472628 -1.40119
-0.472499 -1.40093
-0.47237 -1.40067
-0.472241 -1.40041
-0.472112 -1.40016
-0.471984 -1.3999
-0.471855 -1.39964
-0.471726 -1.39938
-0.471598 -1.39913
-0.471469 -1.39887
-0.47134 -1.39861
-0.471212 -1.39836
-0.471083 -1.3981
-0.470955 -1.39784
-0.470826 -1.39758
-0.470698 -1.39733
-0.47057 -1.39707
-0.470441 -1.39681
-0.470313 -1.39656
-0.470185 -1.3963
-0.470057 -1.39605
-0.469928 -1.39579
-0.4698 -1.39553
-0.469672 -1.39528
-0.469544 -1.39502
-0.469416 -1.39476
-0.469288 -1.39451
-0.46916 -1.39425
-0.469032 -1.394
-0.468904 -1.39374
-0.468777 -1.39349
-0.468649 -1.39323
-0.468521 -1.39297
-0.468393 -1.39272
-0.468266 -1.39246
-0.468138 -1.39221
-0.46801 -1.39195
-0.467883 -1.3917
-0.467755 -1.39144
-0.467628 -1.39119
-0.4675 -1.39093
-0.467373 -1.39068
-0.467246 -1.39042
-0.467118 -1.39017
-0.466991 -1.38991
-0.466864 -1.38966
-0.466736 -1.3894
-0.466609 -1.38915
-0.466482 -1.3889
-0.466355 -1.38864
-0.466228 -1.38839
-0.466101 -1.38813
-0.465974 -1.38788
-0.465847 -1.38763
-0.46572 -1.38737
-0.465593 -1.38712
-0.465466 -1.38686
-0.465339 -1.38661
-0.465213 -1.38636
-0.465086 -1.3861
-0.464959 -1.38585
-0.464833 -1.3856
-0.464706 -1.38534
-0.464579 -1.38509
-0.464453 -1.38484
-0.464326 -1.38458
-0.4642 -1.38433
-0.464073 -1.38408
-0.463947 -1.38383
-0.46382 -1.38357
-0.463694 -1.38332
-0.463568 -1.38307
-0.463442 -1.38282
-0.463315 -1.38256
-0.463189 -1.38231
-0.463063 -1.38206
-0.462937 -1.38181
-0.462811 -1.38155
-0.462685 -1.3813
-0.462559 -1.38105
-0.462433 -1.3808
-0.462307 -1.38055
-0.462181 -1.38029
-0.462055 -1.38004
-0.461929 -1.37979
-0.461803 -1.37954
-0.461678 -1.37929
-0.461552 -1.37904
-0.461426 -1.37878
-0.461301 -1.37853
-0.461175 -1.37828
-0.461049 -1.37803
-0.460924 -1.37778
-0.460798 -1.37753
-0.460673 -1.37728
-0.460548 -1.37703
-0.460422 -1.37678
-0.460297 -1.37653
-0.460171 -1.37627
-0.460046 -1.37602
-0.459921 -1.37577
-0.459796 -1.37552
-0.459671 -1.37527
-0.459545 -1.37502
-0.45942 -1.37477
-0.459295 -1.37452
-0.45917 -1.37427
-0.459045 -1.37402
-0.45892 -1.37377
-0.458795 -1.37352
-0.45867 -1.37327
-0.458546 -1.37302
-0.458421 -1.37277
-0.458296 -1.37252
-0.458171 -1.37227
-0.458047 -1.37203
-0.457922 -1.37178
-0.457797 -1.37153
-0.457673 -1.37128
-0.457548 -1.37103
-0.457424 -1.37078
-0.457299 -1.37053
-0.457175 -1.37028
-0.45705 -1.37003
-0.456926 -1.36978
-0.456801 -1.36953
-0.456677 -1.36929
-0.456553 -1.36904
-0.456429 -1.36879
-0.456304 -1.36854
-0.45618 -1.36829
-0.456056 -1.36804
-0.455932 -1.3678
-0.455808 -1.36755
-0.455684 -1.3673
-0.45556 -1.36705
-0.455436 -1.3668
-0.455312 -1.36656
-0.455188 -1.36631
-0.455064 -1.36606
-0.45494 -1.36581
-0.454817 -1.36557
-0.454693 -1.36532
-0.454569 -1.36507
-0.454445 -1.36482
-0.454322 -1.36458
-0.454198 -1.36433
-0.454075 -1.36408
-0.453951 -1.36383
-0.453828 -1.36359
-0.453704 -1.36334
-0.453581 -1.36309
-0.453457 -1.36285
-0.453334 -1.3626
-0.453211 -1.36235
-0.453087 -1.36211
-0.452964 -1.36186
-0.452841 -1.36161
-0.452718 -1.36137
-0.452595 -1.36112
-0.452471 -1.36087
-0.452348 -1.36063
-0.452225 -1.36038
-0.452102 -1.36014
-0.451979 -1.35989
-0.451856 -1.35964
-0.451733 -1.3594
-0.451611 -1.35915
-0.451488 -1.35891
-0.451365 -1.35866
-0.451242 -1.35842
-0.451119 -1.35817
-0.450997 -1.35793
-0.450874 -1.35768
-0.450751 -1.35743
-0.450629 -1.35719
-0.450506 -1.35694
-0.450384 -1.3567
-0.450261 -1.35645
-0.450139 -1.35621
-0.450016 -1.35596
-0.449894 -1.35572
-0.449772 -1.35548
-0.449649 -1.35523
-0.449527 -1.35499
-0.449405 -1.35474
-0.449283 -1.3545
-0.44916 -1.35425
-0.449038 -1.35401
-0.448916 -1.35376
-0.448794 -1.35352
-0.448672 -1.35328
-0.44855 -1.35303
-0.448428 -1.35279
-0.448306 -1.35254
-0.448184 -1.3523
-0.448062 -1.35206
-0.44794 -1.35181
-0.447819 -1.35157
-0.447697 -1.35133
-0.447575 -1.35108
-0.447453 -1.35084
-0.447332 -1.3506
-0.44721 -1.35035
-0.447089 -1.35011
-0.446967 -1.34987
-0.446845 -1.34962
-0.446724 -1.34938
-0.446602 -1.34914
-0.446481 -1.34889
-0.44636 -1.34865
-0.446238 -1.34841
-0.446117 -1.34817
-0.445996 -1.34792
-0.445874 -1.34768
-0.445753 -1.34744
-0.445632 -1.3472
-0.445511 -1.34695
-0.44539 -1.34671
-0.445269 -1.34647
-0.445148 -1.34623
-0.445027 -1.34599
-0.444906 -1.34574
-0.444785 -1.3455
-0.444664 -1.34526
-0.444543 -1.34502
-0.444422 -1.34478
-0.444301 -1.34453
-0.44418 -1.34429
-0.44406 -1.34405
-0.443939 -1.34381
-0.443818 -1.34357
-0.443697 -1.34333
-0.443577 -1.34309
-0.443456 -1.34284
-0.443336 -1.3426
-0.443215 -1.34236
-0.443095 -1.34212
-0.442974 -1.34188
-0.442854 -1.34164
-0.442733 -1.3414
-0.442613 -1.34116
-0.442493 -1.34092
-0.442373 -1.34068
-0.442252 -1.34044
-0.442132 -1.3402
-0.442012 -1.33996
-0.441892 -1.33972
-0.441772 -1.33948
-0.441651 -1.33923
-0.441531 -1.33899
-0.441411 -1.33875
-0.441291 -1.33851
-0.441171 -1.33827
-0.441052 -1.33804
-0.440932 -1.3378
-0.440812 -1.33756
-0.440692 -1.33732
-0.440572 -1.33708
-0.440452 -1.33684
-0.440333 -1.3366
-0.440213 -1.33636
-0.440093 -1.33612
-0.439974 -1.33588
-0.439854 -1.33564
-0.439735 -1.3354
-0.439615 -1.33516
-0.439496 -1.33492
-0.439376 -1.33468
-0.439257 -1.33445
-0.439137 -1.33421
-0.439018 -1.33397
-0.438899 -1.33373
-0.438779 -1.33349
-0.43866 -1.33325
-0.438541 -1.33301
-0.438422 -1.33278
-0.438302 -1.33254
-0.438183 -1.3323
-0.438064 -1.33206
-0.437945 -1.33182
-0.437826 -1.33158
-0.437707 -1.33135
-0.437588 -1.33111
-0.437469 -1.33087
-0.43735 -1.33063
-0.437231 -1.33039
-0.437113 -1.33016
-0.436994 -1.32992
-0.436875 -1.32968
-0.436756 -1.32944
-0.436638 -1.32921
-0.436519 -1.32897
-0.4364 -1.32873
-0.436282 -1.3285
-0.436163 -1.32826
-0.436045 -1.32802
-0.435926 -1.32778
-0.435808 -1.32755
-0.435689 -1.32731
-0.435571 -1.32707
-0.435452 -1.32684
-0.435334 -1.3266
-0.435216 -1.32636
-0.435097 -1.32613
-0.434979 -1.32589
-0.434861 -1.32565
-0.434743 -1.32542
-0.434624 -1.32518
-0.434506 -1.32494
-0.434388 -1.32471
-0.43427 -1.32447
-0.434152 -1.32424
-0.434034 -1.324
-0.433916 -1.32376
-0.433798 -1.32353
-0.43368 -1.32329
-0.433563 -1.32306
-0.433445 -1.32282
-0.433327 -1.32259
-0.433209 -1.32235
-0.433091 -1.32211
-0.432974 -1.32188
-0.432856 -1.32164
-0.432738 -1.32141
-0.432621 -1.32117
-0.432503 -1.32094
-0.432386 -1.3207
-0.432268 -1.32047
-0.432151 -1.32023
-0.432033 -1.32
-0.431916 -1.31976
-0.431798 -1.31953
-0.431681 -1.31929
-0.431564 -1.31906
-0.431446 -1.31882
-0.431329 -1.31859
-0.431212 -1.31836
-0.431095 -1.31812
-0.430977 -1.31789
-0.43086 -1.31765
-0.430743 -1.31742
-0.430626 -1.31718
-0.430509 -1.31695
-0.430392 -1.31672
-0.430275 -1.31648
-0.430158 -1.31625
-0.430041 -1.31601
-0.429924 -1.31578
-0.429807 -1.31555
-0.429691 -1.31531
-0.429574 -1.31508
-0.429457 -1.31485
-0.42934 -1.31461
-0.429224 -1.31438
-0.429107 -1.31415
-0.42899 -1.31391
-0.428874 -1.31368
-0.428757 -1.31345
-0.428641 -1.31321
-0.428524 -1.31298
-0.428408 -1.31275
-0.428291 -1.31251
-0.428175 -1.31228
-0.428058 -1.31205
-0.427942 -1.31182
-0.427826 -1.31158
-0.427709 -1.31135
-0.427593 -1.31112
-0.427477 -1.31089
-0.427361 -1.31065
-0.427245 -1.31042
-0.427128 -1.31019
-0.427012 -1.30996
-0.426896 -1.30972
-0.42678 -1.30949
-0.426664 -1.30926
-0.426548 -1.30903
-0.426432 -1.3088
-0.426316 -1.30856
-0.4262 -1.30833
-0.426085 -1.3081
-0.425969 -1.30787
-0.425853 -1.30764
-0.425737 -1.30741
-0.425621 -1.30717
-0.425506 -1.30694
-0.42539 -1.30671
-0.425274 -1.30648
-0.425159 -1.30625
-0.425043 -1.30602
-0.424928 -1.30579
-0.424812 -1.30556
-0.424697 -1.30533
-0.424581 -1.30509
-0.424466 -1.30486
-0.42435 -1.30463
-0.424235 -1.3044
-0.42412 -1.30417
-0.424004 -1.30394
-0.423889 -1.30371
-0.423774 -1.30348
-0.423659 -1.30325
-0.423543 -1.30302
-0.423428 -1.30279
-0.423313 -1.30256
-0.423198 -1.30233
-0.423083 -1.3021
-0.422968 -1.30187
-0.422853 -1.30164
-0.422738 -1.30141
-0.422623 -1.30118
-0.422508 -1.30095
-0.422393 -1.30072
-0.422278 -1.30049
-0.422164 -1.30026
-0.422049 -1.30003
-0.421934 -1.2998
-0.421819 -1.29957
-0.421705 -1.29934
-0.42159 -1.29911
-0.421475 -1.29888
-0.421361 -1.29865
-0.421246 -1.29842
-0.421132 -1.2982
-0.421017 -1.29797
-0.420903 -1.29774
-0.420788 -1.29751
-0.420674 -1.29728
-0.420559 -1.29705
-0.420445 -1.29682
-0.420331 -1.29659
-0.420216 -1.29636
-0.420102 -1.29614
-0.419988 -1.29591
-0.419874 -1.29568
-0.419759 -1.29545
-0.419645 -1.29522
-0.419531 -1.29499
-0.419417 -1.29477
-0.419303 -1.29454
-0.419189 -1.29431
-0.419075 -1.29408
-0.418961 -1.29385
-0.418847 -1.29363
-0.418733 -1.2934
-0.418619 -1.29317
-0.418505 -1.29294
-0.418392 -1.29272
-0.418278 -1.29249
-0.418164 -1.29226
-0.41805 -1.29203
-0.417937 -1.29181
-0.417823 -1.29158
-0.417709 -1.29135
-0.417596 -1.29112
-0.417482 -1.2909
-0.417369 -1.29067
-0.417255 -1.29044
-0.417142 -1.29022
-0.417028 -1.28999
-0.416915 -1.28976
-0.416801 -1.28953
-0.416688 -1.28931
-0.416574 -1.28908
-0.416461 -1.28885
-0.416348 -1.28863
-0.416235 -1.2884
-0.416121 -1.28817
-0.416008 -1.28795
-0.415895 -1.28772
-0.415782 -1.2875
-0.415669 -1.28727
-0.415556 -1.28704
-0.415443 -1.28682
-0.41533 -1.28659
-0.415217 -1.28637
-0.415104 -1.28614
-0.414991 -1.28591
-0.414878 -1.28569
-0.414765 -1.28546
-0.414652 -1.28524
-0.414539 -1.28501
-0.414426 -1.28478
-0.414314 -1.28456
-0.414201 -1.28433
-0.414088 -1.28411
-0.413976 -1.28388
-0.413863 -1.28366
-0.41375 -1.28343
-0.413638 -1.28321
-0.413525 -1.28298
-0.413413 -1.28276
-0.4133 -1.28253
-0.413188 -1.28231
-0.413075 -1.28208
-0.412963 -1.28186
-0.412851 -1.28163
-0.412738 -1.28141
-0.412626 -1.28118
-0.412514 -1.28096
-0.412401 -1.28073
-0.412289 -1.28051
-0.412177 -1.28029
-0.412065 -1.28006
-0.411953 -1.27984
-0.41184 -1.27961
-0.411728 -1.27939
-0.411616 -1.27916
-0.411504 -1.27894
-0.411392 -1.27872
-0.41128 -1.27849
-0.411168 -1.27827
-0.411056 -1.27804
-0.410944 -1.27782
-0.410833 -1.2776
-0.410721 -1.27737
-0.410609 -1.27715
-0.410497 -1.27693
-0.410385 -1.2767
-0.410274 -1.27648
-0.410162 -1.27626
-0.41005 -1.27603
-0.409939 -1.27581
-0.409827 -1.27559
-0.409716 -1.27536
-0.409604 -1.27514
-0.409493 -1.27492
-0.409381 -1.27469
-0.40927 -1.27447
-0.409158 -1.27425
-0.409047 -1.27403
-0.408935 -1.2738
-0.408824 -1.27358
-0.408713 -1.27336
-0.408601 -1.27313
-0.40849 -1.27291
-0.408379 -1.27269
-0.408268 -1.27247
-0.408157 -1.27225
-0.408045 -1.27202
-0.407934 -1.2718
-0.407823 -1.27158
-0.407712 -1.27136
-0.407601 -1.27113
-0.40749 -1.27091
-0.407379 -1.27069
-0.407268 -1.27047
-0.407157 -1.27025
-0.407046 -1.27002
-0.406936 -1.2698
-0.406825 -1.26958
-0.406714 -1.26936
-0.406603 -1.26914
-0.406492 -1.26892
-0.406382 -1.2687
-0.406271 -1.26847
-0.40616 -1.26825
-0.40605 -1.26803
-0.405939 -1.26781
-0.405829 -1.26759
-0.405718 -1.26737
-0.405607 -1.26715
-0.405497 -1.26693
-0.405386 -1.2667
-0.405276 -1.26648
-0.405166 -1.26626
-0.405055 -1.26604
-0.404945 -1.26582
-0.404835 -1.2656
-0.404724 -1.26538
-0.404614 -1.26516
-0.404504 -1.26494
-0.404394 -1.26472
-0.404283 -1.2645
-0.404173 -1.26428
-0.404063 -1.26406
-0.403953 -1.26384
-0.403843 -1.26362
-0.403733 -1.2634
-0.403623 -1.26318
-0.403513 -1.26296
-0.403403 -1.26274
-0.403293 -1.26252
-0.403183 -1.2623
-0.403073 -1.26208
-0.402963 -1.26186
-0.402854 -1.26164
-0.402744 -1.26142
-0.402634 -1.2612
-0.402524 -1.26098
-0.402414 -1.26076
-0.402305 -1.26054
-0.402195 -1.26032
-0.402086 -1.2601
-0.401976 -1.25988
-0.401866 -1.25966
-0.401757 -1.25945
-0.401647 -1.25923
-0.401538 -1.25901
-0.401428 -1.25879
-0.401319 -1.25857
-0.401209 -1.25835
-0.4011 -1.25813
-0.400991 -1.25791
-0.400881 -1.25769
-0.400772 -1.25748
-0.400663 -1.25726
-0.400554 -1.25704
-0.400444 -1.25682
-0.400335 -1.2566
-0.400226 -1.25638
-0.400117 -1.25617
-0.400008 -1.25595
-0.399899 -1.25573
-0.39979 -1.25551
-0.399681 -1.25529
-0.399572 -1.25508
-0.399463 -1.25486
-0.399354 -1.25464
-0.399245 -1.25442
-0.399136 -1.2542
-0.399027 -1.25399
-0.398918 -1.25377
-0.398809 -1.25355
-0.398701 -1.25333
-0.398592 -1.25312
-0.398483 -1.2529
-0.398375 -1.25268
-0.398266 -1.25246
-0.398157 -1.25225
-0.398049 -1.25203
-0.39794 -1.25181
-0.397831 -1.25159
-0.397723 -1.25138
-0.397614 -1.25116
-0.397506 -1.25094
-0.397397 -1.25073
-0.397289 -1.25051
-0.397181 -1.25029
-0.397072 -1.25008
-0.396964 -1.24986
-0.396856 -1.24964
-0.396747 -1.24943
-0.396639 -1.24921
-0.396531 -1.24899
-0.396423 -1.24878
-0.396314 -1.24856
-0.396206 -1.24834
-0.396098 -1.24813
-0.39599 -1.24791
-0.395882 -1.2477
-0.395774 -1.24748
-0.395666 -1.24726
-0.395558 -1.24705
-0.39545 -1.24683
-0.395342 -1.24662
-0.395234 -1.2464
-0.395126 -1.24618
-0.395018 -1.24597
-0.394911 -1.24575
-0.394803 -1.24554
-0.394695 -1.24532
-0.394587 -1.24511
-0.394479 -1.24489
-0.394372 -1.24468
-0.394264 -1.24446
-0.394156 -1.24424
-0.394049 -1.24403
-0.393941 -1.24381
-0.393834 -1.2436
-0.393726 -1.24338
-0.393619 -1.24317
-0.393511 -1.24295
-0.393404 -1.24274
-0.393296 -1.24252
-0.393189 -1.24231
-0.393081 -1.24209
-0.392974 -1.24188
-0.392867 -1.24167
-0.392759 -1.24145
-0.392652 -1.24124
-0.392545 -1.24102
-0.392438 -1.24081
-0.392331 -1.24059
-0.392223 -1.24038
-0.392116 -1.24016
-0.392009 -1.23995
-0.391902 -1.23974
-0.391795 -1.23952
-0.391688 -1.23931
-0.391581 -1.23909
-0.391474 -1.23888
-0.391367 -1.23867
-0.39126 -1.23845
-0.391153 -1.23824
-0.391046 -1.23802
-0.390939 -1.23781
-0.390833 -1.2376
-0.390726 -1.23738
-0.390619 -1.23717
-0.390512 -1.23696
-0.390406 -1.23674
-0.390299 -1.23653
-0.390192 -1.23632
-0.390086 -1.2361
-0.389979 -1.23589
-0.389872 -1.23568
-0.389766 -1.23546
-0.389659 -1.23525
-0.389553 -1.23504
-0.389446 -1.23482
-0.38934 -1.23461
-0.389233 -1.2344
-0.389127 -1.23419
-0.389021 -1.23397
-0.388914 -1.23376
-0.388808 -1.23355
-0.388702 -1.23334
-0.388595 -1.23312
-0.388489 -1.23291
-0.388383 -1.2327
-0.388277 -1.23249
-0.388171 -1.23227
-0.388064 -1.23206
-0.387958 -1.23185
-0.387852 -1.23164
-0.387746 -1.23142
-0.38764 -1.23121
-0.387534 -1.231
-0.387428 -1.23079
-0.387322 -1.23058
-0.387216 -1.23036
-0.38711 -1.23015
-0.387004 -1.22994
-0.386898 -1.22973
-0.386793 -1.22952
-0.386687 -1.22931
-0.386581 -1.22909
-0.386475 -1.22888
-0.38637 -1.22867
-0.386264 -1.22846
-0.386158 -1.22825
-0.386053 -1.22804
-0.385947 -1.22783
-0.385841 -1.22761
-0.385736 -1.2274
-0.38563 -1.22719
-0.385525 -1.22698
-0.385419 -1.22677
-0.385314 -1.22656
-0.385208 -1.22635
-0.385103 -1.22614
-0.384997 -1.22593
-0.384892 -1.22572
-0.384787 -1.22551
-0.384681 -1.22529
-0.384576 -1.22508
-0.384471 -1.22487
-0.384366 -1.22466
-0.38426 -1.22445
-0.384155 -1.22424
-0.38405 -1.22403
-0.383945 -1.22382
-0.38384 -1.22361
-0.383735 -1.2234
-0.38363 -1.22319
-0.383524 -1.22298
-0.383419 -1.22277
-0.383314 -1.22256
-0.38321 -1.22235
-0.383105 -1.22214
-0.383 -1.22193
-0.382895 -1.22172
-0.38279 -1.22151
-0.382685 -1.2213
-0.38258 -1.22109
-0.382475 -1.22088
-0.382371 -1.22067
-0.382266 -1.22046
-0.382161 -1.22025
-0.382057 -1.22005
-0.381952 -1.21984
-0.381847 -1.21963
-0.381743 -1.21942
-0.381638 -1.21921
-0.381534 -1.219
-0.381429 -1.21879
-0.381324 -1.21858
-0.38122 -1.21837
-0.381116 -1.21816
-0.381011 -1.21795
-0.380907 -1.21775
-0.380802 -1.21754
-0.380698 -1.21733
-0.380594 -1.21712
-0.380489 -1.21691
-0.380385 -1.2167
-0.380281 -1.21649
-0.380176 -1.21628
-0.380072 -1.21608
-0.379968 -1.21587
-0.379864 -1.21566
-0.37976 -1.21545
-0.379656 -1.21524
-0.379552 -1.21504
-0.379448 -1.21483
-0.379344 -1.21462
-0.37924 -1.21441
-0.379136 -1.2142
-0.379032 -1.214
-0.378928 -1.21379
-0.378824 -1.21358
-0.37872 -1.21337
-0.378616 -1.21316
-0.378512 -1.21296
-0.378408 -1.21275
-0.378305 -1.21254
-0.378201 -1.21233
-0.378097 -1.21213
-0.377993 -1.21192
-0.37789 -1.21171
-0.377786 -1.2115
-0.377682 -1.2113
-0.377579 -1.21109
-0.377475 -1.21088
-0.377372 -1.21068
-0.377268 -1.21047
-0.377165 -1.21026
-0.377061 -1.21005
-0.376958 -1.20985
-0.376854 -1.20964
-0.376751 -1.20943
-0.376647 -1.20923
-0.376544 -1.20902
-0.376441 -1.20881
-0.376337 -1.20861
-0.376234 -1.2084
-0.376131 -1.20819
-0.376027 -1.20799
-0.375924 -1.20778
-0.375821 -1.20757
-0.375718 -1.20737
-0.375615 -1.20716
-0.375512 -1.20696
-0.375409 -1.20675
-0.375305 -1.20654
-0.375202 -1.20634
-0.375099 -1.20613
-0.374996 -1.20592
-0.374893 -1.20572
-0.37479 -1.20551
-0.374688 -1.20531
-0.374585 -1.2051
-0.374482 -1.2049
-0.374379 -1.20469
-0.374276 -1.20448
-0.374173 -1.20428
-0.374071 -1.20407
-0.373968 -1.20387
-0.373865 -1.20366
-0.373762 -1.20346
-0.37366 -1.20325
-0.373557 -1.20305
-0.373454 -1.20284
-0.373352 -1.20264
-0.373249 -1.20243
-0.373147 -1.20223
-0.373044 -1.20202
-0.372942 -1.20182
-0.372839 -1.20161
-0.372737 -1.20141
-0.372634 -1.2012
-0.372532 -1.201
-0.372429 -1.20079
-0.372327 -1.20059
-0.372225 -1.20038
-0.372122 -1.20018
-0.37202 -1.19997
-0.371918 -1.19977
-0.371815 -1.19956
-0.371713 -1.19936
-0.371611 -1.19915
-0.371509 -1.19895
-0.371407 -1.19875
-0.371305 -1.19854
-0.371203 -1.19834
-0.3711 -1.19813
-0.370998 -1.19793
-0.370896 -1.19772
-0.370794 -1.19752
-0.370692 -1.19732
-0.37059 -1.19711
-0.370488 -1.19691
-0.370387 -1.19671
-0.370285 -1.1965
-0.370183 -1.1963
-0.370081 -1.19609
-0.369979 -1.19589
-0.369877 -1.19569
-0.369776 -1.19548
-0.369674 -1.19528
-0.369572 -1.19508
-0.36947 -1.19487
-0.369369 -1.19467
-0.369267 -1.19447
-0.369165 -1.19426
-0.369064 -1.19406
-0.368962 -1.19386
-0.368861 -1.19365
-0.368759 -1.19345
-0.368658 -1.19325
-0.368556 -1.19304
-0.368455 -1.19284
-0.368353 -1.19264
-0.368252 -1.19244
-0.368151 -1.19223
-0.368049 -1.19203
-0.367948 -1.19183
-0.367847 -1.19162
-0.367745 -1.19142
-0.367644 -1.19122
-0.367543 -1.19102
-0.367441 -1.19081
-0.36734 -1.19061
-0.367239 -1.19041
-0.367138 -1.19021
-0.367037 -1.19001
-0.366936 -1.1898
-0.366835 -1.1896
-0.366734 -1.1894
-0.366633 -1.1892
-0.366532 -1.189
-0.366431 -1.18879
-0.36633 -1.18859
-0.366229 -1.18839
-0.366128 -1.18819
-0.366027 -1.18799
-0.365926 -1.18778
-0.365825 -1.18758
-0.365724 -1.18738
-0.365624 -1.18718
-0.365523 -1.18698
-0.365422 -1.18678
-0.365321 -1.18657
-0.365221 -1.18637
-0.36512 -1.18617
-0.365019 -1.18597
-0.364919 -1.18577
-0.364818 -1.18557
-0.364717 -1.18537
-0.364617 -1.18517
-0.364516 -1.18496
-0.364416 -1.18476
-0.364315 -1.18456
-0.364215 -1.18436
-0.364114 -1.18416
-0.364014 -1.18396
-0.363913 -1.18376
-0.363813 -1.18356
-0.363713 -1.18336
-0.363612 -1.18316
-0.363512 -1.18296
-0.363412 -1.18276
-0.363312 -1.18256
-0.363211 -1.18235
-0.363111 -1.18215
-0.363011 -1.18195
-0.362911 -1.18175
-0.362811 -1.18155
-0.36271 -1.18135
-0.36261 -1.18115
-0.36251 -1.18095
-0.36241 -1.18075
-0.36231 -1.18055
-0.36221 -1.18035
-0.36211 -1.18015
-0.36201 -1.17995
-0.36191 -1.17975
-0.36181 -1.17955
-0.36171 -1.17935
-0.361611 -1.17915
-0.361511 -1.17895
-0.361411 -1.17875
-0.361311 -1.17855
-0.361211 -1.17835
-0.361112 -1.17816
-0.361012 -1.17796
-0.360912 -1.17776
-0.360812 -1.17756
-0.360713 -1.17736
-0.360613 -1.17716
-0.360514 -1.17696
-0.360414 -1.17676
-0.360314 -1.17656
-0.360215 -1.17636
-0.360115 -1.17616
-0.360016 -1.17596
-0.359916 -1.17576
-0.359817 -1.17557
-0.359717 -1.17537
-0.359618 -1.17517
-0.359519 -1.17497
-0.359419 -1.17477
-0.35932 -1.17457
-0.359221 -1.17437
-0.359121 -1.17417
-0.359022 -1.17398
-0.358923 -1.17378
-0.358823 -1.17358
-0.358724 -1.17338
-0.358625 -1.17318
-0.358526 -1.17298
-0.358427 -1.17279
-0.358328 -1.17259
-0.358229 -1.17239
-0.358129 -1.17219
-0.35803 -1.17199
-0.357931 -1.17179
-0.357832 -1.1716
-0.357733 -1.1714
-0.357634 -1.1712
-0.357535 -1.171
-0.357437 -1.17081
-0.357338 -1.17061
-0.357239 -1.17041
-0.35714 -1.17021
-0.357041 -1.17001
-0.356942 -1.16982
-0.356844 -1.16962
-0.356745 -1.16942
-0.356646 -1.16922
-0.356547 -1.16903
-0.356449 -1.16883
-0.35635 -1.16863
-0.356251 -1.16843
-0.356153 -1.16824
-0.356054 -1.16804
-0.355956 -1.16784
-0.355857 -1.16765
-0.355758 -1.16745
-0.35566 -1.16725
-0.355561 -1.16705
-0.355463 -1.16686
-0.355364 -1.16666
-0.355266 -1.16646
-0.355168 -1.16627
-0.355069 -1.16607
-0.354971 -1.16587
-0.354873 -1.16568
-0.354774 -1.16548
-0.354676 -1.16528
-0.354578 -1.16509
-0.354479 -1.16489
-0.354381 -1.16469
-0.354283 -1.1645
-0.354185 -1.1643
-0.354087 -1.16411
-0.353989 -1.16391
-0.35389 -1.16371
-0.353792 -1.16352
-0.353694 -1.16332
-0.353596 -1.16312
-0.353498 -1.16293
-0.3534 -1.16273
-0.353302 -1.16254
-0.353204 -1.16234
-0.353106 -1.16214
-0.353008 -1.16195
-0.352911 -1.16175
-0.352813 -1.16156
-0.352715 -1.16136
-0.352617 -1.16117
-0.352519 -1.16097
-0.352421 -1.16077
-0.352324 -1.16058
-0.352226 -1.16038
-0.352128 -1.16019
-0.352031 -1.15999
-0.351933 -1.1598
-0.351835 -1.1596
-0.351738 -1.15941
-0.35164 -1.15921
-0.351542 -1.15902
-0.351445 -1.15882
-0.351347 -1.15863
-0.35125 -1.15843
-0.351152 -1.15824
-0.351055 -1.15804
-0.350957 -1.15785
-0.35086 -1.15765
-0.350763 -1.15746
-0.350665 -1.15726
-0.350568 -1.15707
-0.35047 -1.15687
-0.350373 -1.15668
-0.350276 -1.15648
-0.350179 -1.15629
-0.350081 -1.15609
-0.349984 -1.1559
-0.349887 -1.15571
-0.34979 -1.15551
-0.349692 -1.15532
-0.349595 -1.15512
-0.349498 -1.15493
-0.349401 -1.15473
-0.349304 -1.15454
-0.349207 -1.15435
-0.34911 -1.15415
-0.349013 -1.15396
-0.348916 -1.15376
-0.348819 -1.15357
-0.348722 -1.15338
-0.348625 -1.15318
-0.348528 -1.15299
-0.348431 -1.15279
-0.348334 -1.1526
-0.348238 -1.15241
-0.348141 -1.15221
-0.348044 -1.15202
-0.347947 -1.15183
-0.34785 -1.15163
-0.347754 -1.15144
-0.347657 -1.15125
-0.34756 -1.15105
-0.347464 -1.15086
-0.347367 -1.15067
-0.34727 -1.15047
-0.347174 -1.15028
-0.347077 -1.15009
-0.346981 -1.14989
-0.346884 -1.1497
-0.346787 -1.14951
-0.346691 -1.14931
-0.346595 -1.14912
-0.346498 -1.14893
-0.346402 -1.14874
-0.346305 -1.14854
-0.346209 -1.14835
-0.346112 -1.14816
-0.346016 -1.14796
-0.34592 -1.14777
-0.345823 -1.14758
-0.345727 -1.14739
-0.345631 -1.14719
-0.345535 -1.147
-0.345438 -1.14681
-0.345342 -1.14662
-0.345246 -1.14642
-0.34515 -1.14623
-0.345054 -1.14604
-0.344958 -1.14585
-0.344862 -1.14566
-0.344765 -1.14546
-0.344669 -1.14527
-0.344573 -1.14508
-0.344477 -1.14489
-0.344381 -1.14469
-0.344285 -1.1445
-0.34419 -1.14431
-0.344094 -1.14412
-0.343998 -1.14393
-0.343902 -1.14374
-0.343806 -1.14354
-0.34371 -1.14335
-0.343614 -1.14316
-0.343518 -1.14297
-0.343423 -1.14278
-0.343327 -1.14259
-0.343231 -1.14239
-0.343136 -1.1422
-0.34304 -1.14201
-0.342944 -1.14182
-0.342848 -1.14163
-0.342753 -1.14144
-0.342657 -1.14125
-0.342562 -1.14106
-0.342466 -1.14086
-0.342371 -1.14067
-0.342275 -1.14048
-0.34218 -1.14029
-0.342084 -1.1401
-0.341989 -1.13991
-0.341893 -1.13972
-0.341798 -1.13953
-0.341702 -1.13934
-0.341607 -1.13915
-0.341512 -1.13896
-0.341416 -1.13876
-0.341321 -1.13857
-0.341226 -1.13838
-0.34113 -1.13819
-0.341035 -1.138
-0.34094 -1.13781
-0.340845 -1.13762
-0.34075 -1.13743
-0.340654 -1.13724
-0.340559 -1.13705
-0.340464 -1.13686
-0.340369 -1.13667
-0.340274 -1.13648
-0.340179 -1.13629
-0.340084 -1.1361
-0.339989 -1.13591
-0.339894 -1.13572
-0.339799 -1.13553
-0.339704 -1.13534
-0.339609 -1.13515
-0.339514 -1.13496
-0.339419 -1.13477
-0.339324 -1.13458
-0.339229 -1.13439
-0.339135 -1.1342
-0.33904 -1.13401
-0.338945 -1.13382
-0.33885 -1.13363
-0.338755 -1.13344
-0.338661 -1.13325
-0.338566 -1.13306
-0.338471 -1.13287
-0.338377 -1.13269
-0.338282 -1.1325
-0.338187 -1.13231
-0.338093 -1.13212
-0.337998 -1.13193
-0.337904 -1.13174
-0.337809 -1.13155
-0.337714 -1.13136
-0.33762 -1.13117
-0.337525 -1.13098
-0.337431 -1.13079
-0.337337 -1.13061
-0.337242 -1.13042
-0.337148 -1.13023
-0.337053 -1.13004
-0.336959 -1.12985
-0.336865 -1.12966
-0.33677 -1.12947
-0.336676 -1.12928
-0.336582 -1.1291
-0.336488 -1.12891
-0.336393 -1.12872
-0.336299 -1.12853
-0.336205 -1.12834
-0.336111 -1.12815
-0.336017 -1.12797
-0.335922 -1.12778
-0.335828 -1.12759
-0.335734 -1.1274
-0.33564 -1.12721
-0.335546 -1.12702
-0.335452 -1.12684
-0.335358 -1.12665
-0.335264 -1.12646
-0.33517 -1.12627
-0.335076 -1.12608
-0.334982 -1.1259
-0.334888 -1.12571
-0.334794 -1.12552
-0.334701 -1.12533
-0.334607 -1.12515
-0.334513 -1.12496
-0.334419 -1.12477
-0.334325 -1.12458
-0.334231 -1.12439
-0.334138 -1.12421
-0.334044 -1.12402
-0.33395 -1.12383
-0.333857 -1.12365
-0.333763 -1.12346
-0.333669 -1.12327
-0.333576 -1.12308
-0.333482 -1.1229
-0.333388 -1.12271
-0.333295 -1.12252
-0.333201 -1.12233
-0.333108 -1.12215
-0.333014 -1.12196
-0.332921 -1.12177
-0.332827 -1.12159
-0.332734 -1.1214
-0.33264 -1.12121
-0.332547 -1.12103
-0.332454 -1.12084
-0.33236 -1.12065
-0.332267 -1.12047
-0.332174 -1.12028
-0.33208 -1.12009
-0.331987 -1.11991
-0.331894 -1.11972
-0.331801 -1.11953
-0.331707 -1.11935
-0.331614 -1.11916
-0.331521 -1.11897
-0.331428 -1.11879
-0.331335 -1.1186
-0.331241 -1.11841
-0.331148 -1.11823
-0.331055 -1.11804
-0.330962 -1.11786
-0.330869 -1.11767
-0.330776 -1.11748
-0.330683 -1.1173
-0.33059 -1.11711
-0.330497 -1.11693
-0.330404 -1.11674
-0.330311 -1.11655
-0.330218 -1.11637
-0.330125 -1.11618
-0.330033 -1.116
-0.32994 -1.11581
-0.329847 -1.11563
-0.329754 -1.11544
-0.329661 -1.11525
-0.329569 -1.11507
-0.329476 -1.11488
-0.329383 -1.1147
-0.32929 -1.11451
-0.329198 -1.11433
-0.329105 -1.11414
-0.329012 -1.11396
-0.32892 -1.11377
-0.328827 -1.11359
-0.328735 -1.1134
-0.328642 -1.11322
-0.328549 -1.11303
-0.328457 -1.11285
-0.328364 -1.11266
-0.328272 -1.11248
-0.328179 -1.11229
-0.328087 -1.11211
-0.327995 -1.11192
-0.327902 -1.11174
-0.32781 -1.11155
-0.327717 -1.11137
-0.327625 -1.11118
-0.327533 -1.111
-0.32744 -1.11081
-0.327348 -1.11063
-0.327256 -1.11044
-0.327164 -1.11026
-0.327071 -1.11007
-0.326979 -1.10989
-0.326887 -1.10971
-0.326795 -1.10952
-0.326703 -1.10934
-0.32661 -1.10915
-0.326518 -1.10897
-0.326426 -1.10878
-0.326334 -1.1086
-0.326242 -1.10842
-0.32615 -1.10823
-0.326058 -1.10805
-0.325966 -1.10786
-0.325874 -1.10768
-0.325782 -1.1075
-0.32569 -1.10731
-0.325598 -1.10713
-0.325506 -1.10694
-0.325414 -1.10676
-0.325323 -1.10658
-0.325231 -1.10639
-0.325139 -1.10621
-0.325047 -1.10603
-0.324955 -1.10584
-0.324863 -1.10566
-0.324772 -1.10548
-0.32468 -1.10529
-0.324588 -1.10511
-0.324497 -1.10493
-0.324405 -1.10474
-0.324313 -1.10456
-0.324222 -1.10438
-0.32413 -1.10419
-0.324038 -1.10401
-0.323947 -1.10383
-0.323855 -1.10364
-0.323764 -1.10346
-0.323672 -1.10328
-0.323581 -1.10309
-0.323489 -1.10291
-0.323398 -1.10273
-0.323306 -1.10254
-0.323215 -1.10236
-0.323124 -1.10218
-0.323032 -1.102
-0.322941 -1.10181
-0.322849 -1.10163
-0.322758 -1.10145
-0.322667 -1.10127
-0.322576 -1.10108
-0.322484 -1.1009
-0.322393 -1.10072
-0.322302 -1.10054
-0.322211 -1.10035
-0.322119 -1.10017
-0.322028 -1.09999
-0.321937 -1.09981
-0.321846 -1.09962
-0.321755 -1.09944
-0.321664 -1.09926
-0.321573 -1.09908
-0.321482 -1.0989
-0.321391 -1.09871
-0.3213 -1.09853
-0.321209 -1.09835
-0.321118 -1.09817
-0.321027 -1.09799
-0.320936 -1.0978
-0.320845 -1.09762
-0.320754 -1.09744
-0.320663 -1.09726
-0.320572 -1.09708
-0.320481 -1.09689
-0.32039 -1.09671
-0.3203 -1.09653
-0.320209 -1.09635
-0.320118 -1.09617
-0.320027 -1.09599
-0.319937 -1.09581
-0.319846 -1.09562
-0.319755 -1.09544
-0.319664 -1.09526
-0.319574 -1.09508
-0.319483 -1.0949
-0.319393 -1.09472
-0.319302 -1.09454
-0.319211 -1.09435
-0.319121 -1.09417
-0.31903 -1.09399
-0.31894 -1.09381
-0.318849 -1.09363
-0.318759 -1.09345
-0.318668 -1.09327
-0.318578 -1.09309
-0.318487 -1.09291
-0.318397 -1.09273
-0.318307 -1.09255
-0.318216 -1.09236
-0.318126 -1.09218
-0.318036 -1.092
-0.317945 -1.09182
-0.317855 -1.09164
-0.317765 -1.09146
-0.317674 -1.09128
-0.317584 -1.0911
-0.317494 -1.09092
-0.317404 -1.09074
-0.317314 -1.09056
-0.317223 -1.09038
-0.317133 -1.0902
-0.317043 -1.09002
-0.316953 -1.08984
-0.316863 -1.08966
-0.316773 -1.08948
-0.316683 -1.0893
-0.316593 -1.08912
-0.316503 -1.08894
-0.316413 -1.08876
-0.316323 -1.08858
-0.316233 -1.0884
-0.316143 -1.08822
-0.316053 -1.08804
-0.315963 -1.08786
-0.315873 -1.08768
-0.315783 -1.0875
-0.315693 -1.08732
-0.315604 -1.08714
-0.315514 -1.08696
-0.315424 -1.08678
-0.315334 -1.0866
-0.315244 -1.08642
-0.315155 -1.08624
-0.315065 -1.08606
-0.314975 -1.08588
-0.314886 -1.0857
-0.314796 -1.08552
-0.314706 -1.08534
-0.314617 -1.08517
-0.314527 -1.08499
-0.314437 -1.08481
-0.314348 -1.08463
-0.314258 -1.08445
-0.314169 -1.08427
-0.314079 -1.08409
-0.31399 -1.08391
-0.3139 -1.08373
-0.313811 -1.08355
-0.313721 -1.08337
-0.313632 -1.0832
-0.313542 -1.08302
-0.313453 -1.08284
-0.313364 -1.08266
-0.313274 -1.08248
-0.313185 -1.0823
-0.313096 -1.08212
-0.313006 -1.08194
-0.312917 -1.08177
-0.312828 -1.08159
-0.312739 -1.08141
-0.312649 -1.08123
-0.31256 -1.08105
-0.312471 -1.08087
-0.312382 -1.0807
-0.312293 -1.08052
-0.312204 -1.08034
-0.312114 -1.08016
-0.312025 -1.07998
-0.311936 -1.0798
-0.311847 -1.07963
-0.311758 -1.07945
-0.311669 -1.07927
-0.31158 -1.07909
-0.311491 -1.07891
-0.311402 -1.07874
-0.311313 -1.07856
-0.311224 -1.07838
-0.311135 -1.0782
-0.311047 -1.07803
-0.310958 -1.07785
-0.310869 -1.07767
-0.31078 -1.07749
-0.310691 -1.07731
-0.310602 -1.07714
-0.310514 -1.07696
-0.310425 -1.07678
-0.310336 -1.0766
-0.310247 -1.07643
-0.310159 -1.07625
-0.31007 -1.07607
-0.309981 -1.07589
-0.309893 -1.07572
-0.309804 -1.07554
-0.309715 -1.07536
-0.309627 -1.07519
-0.309538 -1.07501
-0.30945 -1.07483
-0.309361 -1.07465
-0.309272 -1.07448
-0.309184 -1.0743
-0.309095 -1.07412
-0.309007 -1.07395
-0.308919 -1.07377
-0.30883 -1.07359
-0.308742 -1.07342
-0.308653 -1.07324
-0.308565 -1.07306
-0.308476 -1.07288
-0.308388 -1.07271
-0.3083 -1.07253
-0.308211 -1.07235
-0.308123 -1.07218
-0.308035 -1.072
-0.307947 -1.07183
-0.307858 -1.07165
-0.30777 -1.07147
-0.307682 -1.0713
-0.307594 -1.07112
-0.307506 -1.07094
-0.307417 -1.07077
-0.307329 -1.07059
-0.307241 -1.07041
-0.307153 -1.07024
-0.307065 -1.07006
-0.306977 -1.06989
-0.306889 -1.06971
-0.306801 -1.06953
-0.306713 -1.06936
-0.306625 -1.06918
-0.306537 -1.06901
-0.306449 -1.06883
-0.306361 -1.06865
-0.306273 -1.06848
-0.306185 -1.0683
-0.306097 -1.06813
-0.306009 -1.06795
-0.305922 -1.06778
-0.305834 -1.0676
-0.305746 -1.06742
-0.305658 -1.06725
-0.30557 -1.06707
-0.305483 -1.0669
-0.305395 -1.06672
-0.305307 -1.06655
-0.305219 -1.06637
-0.305132 -1.0662
-0.305044 -1.06602
-0.304956 -1.06584
-0.304869 -1.06567
-0.304781 -1.06549
-0.304693 -1.06532
-0.304606 -1.06514
-0.304518 -1.06497
-0.304431 -1.06479
-0.304343 -1.06462
-0.304256 -1.06444
-0.304168 -1.06427
-0.304081 -1.06409
-0.303993 -1.06392
-0.303906 -1.06374
-0.303818 -1.06357
-0.303731 -1.06339
-0.303644 -1.06322
-0.303556 -1.06304
-0.303469 -1.06287
-0.303382 -1.0627
-0.303294 -1.06252
-0.303207 -1.06235
-0.30312 -1.06217
-0.303032 -1.062
-0.302945 -1.06182
-0.302858 -1.06165
-0.302771 -1.06147
-0.302683 -1.0613
-0.302596 -1.06112
-0.302509 -1.06095
-0.302422 -1.06078
-0.302335 -1.0606
-0.302248 -1.06043
-0.302161 -1.06025
-0.302074 -1.06008
-0.301986 -1.0599
-0.301899 -1.05973
-0.301812 -1.05956
-0.301725 -1.05938
-0.301638 -1.05921
-0.301551 -1.05903
-0.301465 -1.05886
-0.301378 -1.05869
-0.301291 -1.05851
-0.301204 -1.05834
-0.301117 -1.05817
