-5 -2.95727
-2.6968 -5.06037
-2.39686 -4.96465
-2.22113 -5.12781
-2.09637 -4.61406
-1.99957 -4.46279
-1.92046 -4.29123
-1.85356 -4.17164
-1.79561 -4.04231
-1.74449 -3.94391
-1.69875 -3.85476
-1.65738 -3.76851
-1.61961 -3.69696
-1.58486 -3.62724
-1.55269 -3.56149
-1.52273 -3.50061
-1.49471 -3.4444
-1.46839 -3.39266
-1.44358 -3.34254
-1.4201 -3.29668
-1.39783 -3.25159
-1.37665 -3.20898
-1.35645 -3.16919
-1.33715 -3.12969
-1.31867 -3.09336
-1.30094 -3.05796
-1.28391 -3.02371
-1.26753 -2.99071
-1.25173 -2.95941
-1.2365 -2.92893
-1.22178 -2.89939
-1.20754 -2.87096
-1.19375 -2.84335
-1.18039 -2.81685
-1.16743 -2.79095
-1.15484 -2.7657
-1.14261 -2.74125
-1.13071 -2.7174
-1.11913 -2.69419
-1.10785 -2.6716
-1.09686 -2.64967
-1.08613 -2.62824
-1.07567 -2.60722
-1.06545 -2.58679
-1.05547 -2.56685
-1.04571 -2.54729
-1.03617 -2.52823
-1.02683 -2.50953
-1.01768 -2.49129
-1.00873 -2.47338
-0.999957 -2.45582
-0.991358 -2.43866
-0.982925 -2.42178
-0.974653 -2.4052
-0.966536 -2.38899
-0.958568 -2.37309
-0.950743 -2.35742
-0.943057 -2.34206
-0.935505 -2.32693
-0.928082 -2.3121
-0.920783 -2.2975
-0.913605 -2.28312
-0.906544 -2.26904
-0.899595 -2.25511
-0.892756 -2.24143
-0.886024 -2.22799
-0.879393 -2.21474
-0.872863 -2.20164
-0.866429 -2.18879
-0.86009 -2.17612
-0.853841 -2.1636
-0.847681 -2.15129
-0.841608 -2.13915
-0.835618 -2.12717
-0.829709 -2.11534
-0.82388 -2.10369
-0.818128 -2.09218
-0.812451 -2.08084
-0.806848 -2.06963
-0.801315 -2.05856
-0.795853 -2.04765
-0.790458 -2.03686
-0.78513 -2.02618
-0.779866 -2.01566
-0.774665 -2.00526
-0.769526 -1.99499
-0.764446 -1.98482
-0.759426 -1.97478
-0.754463 -1.96485
-0.749556 -1.95505
-0.744703 -1.94534
-0.739905 -1.93574
-0.735159 -1.92625
-0.730464 -1.91687
-0.725819 -1.90756
-0.721223 -1.89837
-0.716676 -1.88928
-0.712176 -1.88029
-0.707722 -1.87137
-0.703313 -1.86255
-0.698948 -1.85383
-0.694627 -1.84519
-0.690348 -1.83663
-0.686112 -1.82815
-0.681916 -1.81976
-0.67776 -1.81146
-0.673643 -1.80322
-0.669566 -1.79506
-0.665526 -1.78698
-0.661523 -1.77898
-0.657557 -1.77105
-0.653627 -1.76318
-0.649732 -1.7554
-0.645872 -1.74768
-0.642046 -1.74002
-0.638253 -1.73243
-0.634493 -1.72492
-0.630765 -1.71746
-0.627069 -1.71007
-0.623405 -1.70274
-0.61977 -1.69548
-0.616166 -1.68826
-0.612592 -1.68111
-0.609047 -1.67403
-0.605531 -1.667
-0.602042 -1.66002
-0.598582 -1.6531
-0.595149 -1.64623
-0.591743 -1.63942
-0.588363 -1.63266
-0.58501 -1.62595
-0.581682 -1.6193
-0.578379 -1.61269
-0.575102 -1.60614
-0.571849 -1.59963
-0.56862 -1.59317
-0.565415 -1.58676
-0.562233 -1.5804
-0.559075 -1.57408
-0.555939 -1.56781
-0.552826 -1.56158
-0.549735 -1.5554
-0.546666 -1.54927
-0.543618 -1.54317
-0.540592 -1.53712
-0.537587 -1.53111
-0.534602 -1.52514
-0.531638 -1.51921
-0.528693 -1.51332
-0.525769 -1.50747
-0.522864 -1.50166
-0.519978 -1.49589
-0.517112 -1.49015
-0.514264 -1.48446
-0.511435 -1.4788
-0.508624 -1.47318
-0.505831 -1.46759
-0.503056 -1.46205
-0.500299 -1.45653
-0.497559 -1.45105
-0.494836 -1.4456
-0.49213 -1.44019
-0.489441 -1.43481
-0.486769 -1.42947
-0.484113 -1.42416
-0.481472 -1.41888
-0.478848 -1.41363
-0.47624 -1.40841
-0.473647 -1.40323
-0.47107 -1.39807
-0.468508 -1.39295
-0.465961 -1.38785
-0.463428 -1.38279
-0.460911 -1.37775
-0.458408 -1.37275
-0.455919 -1.36777
-0.453445 -1.36282
-0.450984 -1.3579
-0.448537 -1.35301
-0.446104 -1.34814
-0.443685 -1.3433
-0.441279 -1.33849
-0.438886 -1.3337
-0.436507 -1.32894
-0.43414 -1.32421
-0.431786 -1.3195
-0.429445 -1.31482
-0.427116 -1.31016
-0.4248 -1.30553
-0.422496 -1.30093
-0.420204 -1.29634
-0.417925 -1.29178
-0.415657 -1.28725
-0.413401 -1.28273
-0.411157 -1.27824
-0.408924 -1.27378
-0.406702 -1.26934
-0.404492 -1.26492
-0.402293 -1.26052
-0.400106 -1.25614
-0.397929 -1.25179
-0.395763 -1.24746
-0.393607 -1.24315
-0.391463 -1.23886
-0.389329 -1.23459
-0.387205 -1.23034
-0.385092 -1.22612
-0.382989 -1.22191
-0.380896 -1.21772
-0.378813 -1.21356
-0.37674 -1.20941
-0.374677 -1.20528
-0.372623 -1.20118
-0.37058 -1.19709
-0.368546 -1.19302
-0.366521 -1.18897
-0.364506 -1.18494
-0.3625 -1.18093
-0.360503 -1.17694
-0.358515 -1.17296
-0.356537 -1.16901
-0.354567 -1.16507
-0.352607 -1.16115
-0.350655 -1.15724
-0.348712 -1.15336
-0.346777 -1.14949
-0.344851 -1.14563
-0.342934 -1.1418
-0.341025 -1.13798
-0.339124 -1.13418
-0.337232 -1.1304
-0.335348 -1.12663
-0.333472 -1.12288
-0.331604 -1.11914
-0.329744 -1.11542
-0.327892 -1.11172
-0.326048 -1.10803
-0.324212 -1.10436
-0.322383 -1.1007
-0.320562 -1.09706
-0.318749 -1.09343
-0.316943 -1.08982
-0.315145 -1.08622
-0.313354 -1.08264
-0.311571 -1.07907
-0.309794 -1.07552
-0.308025 -1.07198
-0.306264 -1.06846
-0.304509 -1.06495
-0.302761 -1.06146
