-3 -0.48877
-2.52344 -3.31055
-2.30078 -1.78027
-2.1543 -1.96875
-2.04492 -3.00977
-1.95898 -2.05664
-1.88574 -2.31055
-1.82422 -2.83398
-1.76953 -2.19727
-1.72168 -2.5332
-1.67773 -2.83398
-1.63867 -2.26953
-1.60254 -2.10742
-1.56836 -2.83398
-1.53809 -2.4082
-1.50879 -3.00977
-1.48145 -2.83398
-1.45605 -2.4668
-1.43164 -2.83398
-1.4082 -3.31055
-1.38672 -2.4668
-1.36621 -2.4082
-1.3457 -2.26953
-1.32715 -2.83398
-1.30859 -2.70898
-1.29102 -2.35742
-1.27441 -3.00977
-1.25879 -2.70898
-1.24316 -3.00977
-1.22754 -2.35742
-1.21289 -2.61328
-1.19922 -2.5332
-1.18555 -2.4082
-1.17285 -2.83398
-1.16016 -2.61328
-1.14746 -2.16602
-1.13477 -3.00977
-1.12305 -2.83398
-1.1123 -2.61328
-1.10059 -3.31055
-1.08984 -2.83398
-1.0791 -2.31055
-1.06934 -inf
-1.05859 -2.4082
-1.04883 -2.83398
-1.03906 -inf
-1.0293 -2.4668
-1.02051 -2.83398
-1.01172 -2.16602
-1.00293 -2.26953
-0.993652 -2.4668
-0.985352 -2.19727
-0.977051 -2.35742
-0.96875 -2.5332
-0.960449 -2.83398
-0.952637 -2.19727
-0.944824 -2.31055
-0.9375 -2.5332
-0.929688 -2.10742
-0.922363 -2.19727
-0.915039 -2.31055
-0.908203 -2.26953
-0.900879 -2.10742
-0.894043 -2.16602
-0.887695 -2.26953
-0.881348 -2.35742
-0.875 -2.4668
-0.868652 -2.19727
-0.862305 -2.16602
-0.855957 -2.23242
-0.850098 -2.16602
-0.844238 -2.23242
-0.838379 -2.08008
-0.83252 -2.13477
-0.82666 -2.08008
-0.820801 -2.13477
-0.81543 -2.10742
-0.810059 -2.16602
-0.804688 -2.10742
-0.799316 -2.16602
-0.793945 -1.96875
-0.788574 -2.00977
-0.783203 -2.05664
-0.77832 -2.0332
-0.773438 -1.98926
-0.768066 -2.0332
-0.763184 -2.08008
-0.758301 -2.0332
-0.753418 -2.00977
-0.748535 -2.05664
-0.744141 -2.0332
-0.739258 -2.00977
-0.734863 -1.93066
-0.72998 -1.91309
-0.725586 -1.89648
-0.721191 -1.86426
-0.716797 -1.84863
-0.712402 -1.87988
-0.708008 -1.86426
-0.703613 -1.84863
-0.699219 -1.87988
-0.695312 -1.82031
-0.690918 -1.84863
-0.687012 -1.83398
-0.682617 -1.82031
-0.678711 -1.80664
-0.674805 -1.79297
-0.67041 -1.80664
-0.666504 -1.76758
-0.662598 -1.82031
-0.658691 -1.75488
-0.654785 -1.83398
-0.651367 -1.78027
-0.647461 -1.78027
-0.643555 -1.76758
-0.640137 -1.75488
-0.63623 -1.74316
-0.632812 -1.74316
-0.628906 -1.73145
-0.625488 -1.69824
-0.621582 -1.68848
-0.618164 -1.68848
-0.614746 -1.7207
-0.611328 -1.68848
-0.60791 -1.68848
-0.604492 -1.67773
-0.600586 -1.63965
-0.597656 -1.62988
-0.594238 -1.62988
-0.59082 -1.60352
-0.587402 -1.60352
-0.583984 -1.62988
-0.581055 -1.62109
-0.577637 -1.60352
-0.574707 -1.5957
-0.571289 -1.5791
-0.568359 -1.55566
-0.564941 -1.58691
-0.562012 -1.5791
-0.559082 -1.56348
-0.555664 -1.54004
-0.552734 -1.54004
-0.549805 -1.56348
-0.546875 -1.54785
-0.543945 -1.5332
-0.541016 -1.51172
-0.538086 -1.5332
-0.535156 -1.51855
-0.532227 -1.50488
-0.529297 -1.50488
-0.526367 -1.49219
-0.523438 -1.49805
-0.520508 -1.49219
-0.518066 -1.47266
-0.515137 -1.49219
-0.512207 -1.47852
-0.509766 -1.46582
-0.506836 -1.4541
-0.503906 -1.45996
-0.501465 -1.45996
-0.498779 -1.44824
-0.496094 -1.44238
-0.493408 -1.44238
-0.490723 -1.43066
-0.488281 -1.41895
-0.485596 -1.4248
-0.48291 -1.4082
-0.480469 -1.4082
-0.477783 -1.4082
-0.475342 -1.40332
-0.4729 -1.38672
-0.470215 -1.39258
-0.467773 -1.38184
-0.465332 -1.38184
-0.462891 -1.37695
-0.460449 -1.36719
-0.458008 -1.36719
-0.455566 -1.3623
-0.453125 -1.34766
-0.450684 -1.3623
-0.448242 -1.34766
-0.446045 -1.34766
-0.443604 -1.33789
-0.441162 -1.32422
-0.438965 -1.32422
-0.436523 -1.32031
-0.434326 -1.31543
-0.431885 -1.31543
-0.429688 -1.30273
-0.42749 -1.30273
-0.425049 -1.29883
-0.422852 -1.29883
-0.420654 -1.29004
-0.418457 -1.29004
-0.41626 -1.28613
-0.414062 -1.28613
-0.411865 -1.27344
-0.409668 -1.26562
-0.407471 -1.26562
-0.405273 -1.25781
-0.403076 -1.25781
-0.400879 -1.24707
-0.398926 -1.25098
-0.396729 -1.24316
-0.394531 -1.24316
-0.392578 -1.23535
-0.390381 -1.23242
-0.388428 -1.22852
-0.38623 -1.22461
-0.384277 -1.21777
-0.38208 -1.21777
-0.380127 -1.21094
-0.378174 -1.21094
-0.375977 -1.19727
-0.374023 -1.19727
-0.37207 -1.19727
-0.370117 -1.19043
-0.368164 -1.19043
-0.366211 -1.18457
-0.364258 -1.1875
-0.362305 -1.17188
-0.360352 -1.17188
-0.358398 -1.16797
-0.356445 -1.16504
-0.354492 -1.16211
-0.352539 -1.15918
-0.350586 -1.15332
-0.348633 -1.15039
-0.346924 -1.14746
-0.344971 -1.14746
-0.343018 -1.1377
-0.341309 -1.13477
-0.339355 -1.12988
-0.337402 -1.12695
-0.335693 -1.12695
-0.33374 -1.11816
-0.332031 -1.11816
-0.330078 -1.11816
-0.328369 -1.11035
-0.32666 -1.10742
-0.324707 -1.10156
-0.322998 -1.09961
-0.321289 -1.09961
-0.319336 -1.08887
-0.317627 -1.08887
-0.315918 -1.08594
-0.314209 -1.07812
-0.3125 -1.08105
-0.310791 -1.07617
-0.308838 -1.06836
-0.307129 -1.06836
-0.30542 -1.06348
-0.303711 -1.06055
-0.302002 -1.05566
