6.18333
nan
6.14554
5.09118
4.90044
4.97675
4.65887
4.63813
4.56575
4.47576
4.38399
4.29838
4.21997
4.16251
4.09632
4.04546
3.98995
3.93961
3.8992
3.85625
3.80875
3.77309
3.73057
3.69503
3.65994
3.62571
3.59247
3.56366
3.53082
3.50094
3.47344
3.44577
3.41915
3.39272
3.36914
3.34248
3.32011
3.29586
3.27406
3.25256
3.22988
3.20877
3.18865
3.16938
3.14972
3.13018
3.11121
3.0931
3.07516
3.05799
3.04074
3.02371
3.00718
2.99091
2.97533
2.95957
2.94387
2.92887
2.91428
2.89964
2.88525
2.87117
2.85735
2.84368
2.83015
2.81679
2.80358
2.79103
2.77828
2.76569
2.75338
2.74135
2.72919
2.71732
2.70581
2.69438
2.68295
2.67188
2.6606
2.6498
2.6391
2.62823
2.61763
2.60734
2.5971
2.58692
2.5768
2.56692
2.55715
2.54747
2.53784
2.5283
2.51904
2.50969
2.50049
2.49141
2.48246
2.4735
2.46461
2.4559
2.44733
2.43877
2.43027
2.42183
2.41357
2.40535
2.39715
2.38911
2.38112
2.37314
2.36526
2.3575
2.3498
2.34212
2.33451
2.32702
2.31957
2.31218
2.30485
2.29756
2.29039
2.2832
2.27613
2.2691
2.26212
2.25518
2.2483
2.2415
2.23477
2.22802
2.22139
2.21479
2.20823
2.20172
2.19527
2.18885
2.18248
2.17615
2.16991
2.16369
2.15749
2.15138
2.14524
2.13921
2.13321
2.12724
2.1213
2.11541
2.10957
2.10375
2.09797
2.09223
2.08654
2.08087
2.07526
2.0697
2.06413
2.05862
2.05312
2.04769
2.04227
2.03691
2.03155
2.02625
2.02097
2.01572
2.01049
2.00532
2.00016
1.99502
1.98993
1.98487
1.97985
1.97483
1.96986
1.9649
1.95999
1.95509
1.95022
1.94539
1.94058
1.93579
1.93103
1.9263
1.92159
1.9169
1.91224
1.90761
1.90301
1.89843
1.89386
1.88933
1.88482
1.88032
1.87586
1.87142
1.867
1.8626
1.85822
1.85387
1.84954
1.84522
1.84094
1.83667
1.83243
1.8282
1.82399
1.8198
1.81564
1.81149
1.80736
1.80326
1.79917
1.7951
1.79105
1.78702
1.78301
1.77902
1.77504
1.77109
1.76715
1.76323
1.75932
1.75543
1.75156
1.74771
1.74388
1.74006
1.73626
1.73247
1.72871
1.72496
1.72122
1.7175
1.71379
1.71011
1.70644
1.70278
1.69913
1.69551
1.6919
1.6883
1.68472
1.68115
1.6776
1.67406
1.67054
1.66703
1.66353
1.66005
1.65659
1.65313
1.64969
1.64626
1.64285
1.63945
1.63607
1.63269
1.62933
1.62598
1.62265
1.61933
1.61602
1.61272
1.60944
1.60616
1.60291
1.59966
1.59643
1.5932
1.59
1.58679
1.58361
1.58043
1.57727
1.57411
1.57097
1.56784
1.56472
1.56162
1.55852
1.55543
1.55236
1.54929
1.54624
1.5432
1.54017
1.53715
1.53414
1.53114
1.52815
1.52517
1.5222
1.51924
1.51629
1.51335
1.51042
1.5075
1.50459
1.50169
1.4988
1.49592
1.49305
1.49018
1.48733
1.48449
1.48166
1.47883
1.47602
1.47321
1.47041
1.46762
1.46485
1.46207
1.45931
1.45656
1.45381
1.45108
1.44835
1.44563
1.44292
1.44022
1.43753
1.43484
1.43217
1.4295
1.42684
1.42418
1.42154
1.4189
1.41628
1.41366
1.41105
1.40844
1.40584
1.40325
1.40068
1.3981
1.39553
1.39298
1.39043
1.38788
1.38535
1.38282
1.3803
1.37778
1.37528
1.37278
1.37028
1.3678
1.36532
1.36285
1.36039
1.35793
1.35548
1.35303
1.3506
1.34817
1.34575
1.34333
1.34092
1.33852
1.33612
1.33373
1.33135
1.32897
1.3266
1.32424
1.32188
1.31953
1.31719
1.31485
1.31252
1.31019
1.30787
1.30556
1.30325
1.30095
1.29866
1.29637
1.29409
1.29181
1.28954
1.28727
1.28501
1.28276
1.28051
1.27827
1.27604
1.27381
1.27158
1.26936
1.26715
1.26494
1.26274
1.26054
1.25835
1.25617
1.25399
1.25182
1.24965
1.24748
1.24533
1.24317
1.24103
1.23888
1.23675
1.23461
1.23249
1.23037
1.22825
1.22614
1.22404
1.22193
1.21984
1.21775
1.21566
1.21358
1.21151
1.20944
1.20737
1.20531
1.20326
1.2012
1.19916
1.19712
1.19508
1.19305
1.19102
1.189
1.18698
1.18497
1.18296
1.18096
1.17896
1.17696
1.17497
1.17299
1.17101
1.16903
1.16706
1.16509
1.16313
1.16117
1.15922
1.15727
1.15532
1.15338
1.15144
1.14951
1.14758
1.14566
1.14374
1.14182
1.13991
1.13801
1.1361
1.13421
1.13231
1.13042
1.12853
1.12665
1.12477
1.1229
1.12103
1.11916
1.1173
1.11544
1.11359
1.11174
1.1099
1.10805
1.10621
1.10438
1.10255
1.10072
1.0989
1.09708
1.09527
1.09345
1.09165
1.08984
1.08804
1.08625
1.08445
1.08266
1.08088
1.0791
1.07732
1.07554
1.07377
1.07201
1.07024
1.06848
1.06673
1.06497
1.06322
1.06148
1.05974
1.058
1.05626
1.05453
1.0528
1.05108
1.04935
1.04764
1.04592
1.04421
1.0425
1.0408
1.03909
1.0374
1.0357
1.03401
1.03232
1.03064
1.02896
1.02728
1.0256
1.02393
1.02226
1.0206
1.01893
1.01727
1.01562
1.01397
1.01232
1.01067
1.00903
1.00739
1.00575
1.00411
1.00248
1.00086
0.999229
0.997608
0.995989
0.994373
0.992759
0.99115
0.989543
0.987939
0.986337
0.984739
0.983145
0.981552
0.979962
0.978376
0.976793
0.975212
0.973633
0.972059
0.970488
0.968918
0.967351
0.965788
0.964228
0.962669
0.961114
0.959562
0.958012
0.956465
0.95492
0.953379
0.951841
0.950305
0.948771
0.947241
0.945714
0.944188
0.942665
0.941146
0.939629
0.938114
0.936601
0.935093
0.933586
0.932082
0.93058
0.929082
0.927586
0.926092
0.9246
0.923112
0.921626
0.920143
0.918661
0.917183
0.915708
0.914234
0.912763
0.911294
0.909829
0.908365
0.906903
0.905445
0.903989
0.902536
0.901084
0.899635
0.898189
0.896745
0.895303
0.893864
0.892428
0.890993
0.88956
0.888131
0.886704
0.885279
0.883855
0.882435
0.881017
0.879601
0.878188
0.876777
0.875368
0.873961
0.872557
0.871155
0.869755
0.868357
0.866962
0.865569
0.864178
0.86279
0.861403
0.860019
0.858637
0.857257
0.855879
0.854504
0.853131
0.85176
0.85039
0.849024
0.84766
0.846297
0.844936
0.843578
0.842223
0.840868
0.839516
0.838167
0.836819
0.835473
0.834129
0.832788
0.83145
0.830112
0.828776
0.827443
0.826112
0.824783
0.823456
0.822131
0.820808
0.819486
0.818167
0.816851
0.815536
0.814222
0.812911
0.811602
0.810295
0.80899
0.807686
0.806386
0.805087
0.803789
0.802493
0.8012
0.799909
0.798619
0.797331
0.796045
0.794761
0.793479
0.792199
0.79092
0.789645
0.78837
0.787097
0.785826
0.784558
0.78329
0.782025
0.780762
0.7795
0.77824
0.776982
0.775726
0.774472
0.77322
0.771969
0.77072
0.769473
0.768228
0.766984
0.765742
0.764503
0.763265
0.762028
0.760793
0.759561
0.758329
0.7571
0.755872
0.754647
0.753422
0.752199
0.750978
0.74976
0.748542
0.747326
0.746113
0.744901
0.74369
0.742481
0.741274
0.740069
0.738864
0.737662
0.736462
0.735263
0.734066
0.73287
0.731676
0.730484
0.729293
0.728104
0.726917
0.725731
0.724547
0.723364
0.722184
0.721004
0.719826
0.71865
0.717475
0.716303
0.715131
0.713961
0.712793
0.711627
0.710461
0.709297
0.708136
0.706976
0.705816
0.704659
0.703503
0.702349
0.701196
0.700045
0.698895
0.697747
0.696601
0.695455
0.694312
0.69317
0.692029
0.69089
0.689752
0.688616
0.687482
0.686348
0.685216
0.684087
0.682957
0.68183
0.680704
0.67958
0.678457
0.677336
0.676216
0.675097
0.67398
0.672864
0.67175
0.670637
0.669526
0.668415
0.667307
0.6662
0.665094
0.663989
0.662887
0.661785
0.660685
0.659586
0.658489
0.657393
0.656298
0.655205
0.654113
0.653023
0.651934
0.650845
0.649759
0.648674
0.64759
0.646508
0.645427
0.644348
0.643269
0.642192
0.641116
0.640042
0.638969
0.637897
0.636827
0.635758
0.634691
0.633624
0.632559
0.631495
0.630433
0.629371
0.628312
0.627253
0.626196
0.625139
0.624085
0.623032
0.621979
0.620928
0.619879
0.618831
0.617783
0.616737
0.615693
0.61465
0.613607
0.612566
0.611527
0.610489
0.609451
0.608415
0.607381
0.606348
0.605315
0.604284
0.603254
0.602226
0.601199
0.600172
0.599148
0.598124
0.597102
0.59608
0.59506
0.594042
0.593024
0.592007
0.590992
0.589978
0.588965
0.587953
0.586943
0.585933
0.584925
0.583918
0.582912
0.581908
0.580904
0.579901
0.5789
0.5779
0.576901
0.575903
0.574907
0.573912
0.572917
0.571923
0.570931
0.569941
0.56895
0.567962
0.566974
0.565988
0.565002
0.564018
0.563035
0.562053
0.561072
0.560092
0.559114
0.558136
0.55716
0.556184
0.55521
0.554237
0.553265
0.552293
0.551324
0.550355
0.549387
0.54842
0.547455
0.54649
0.545527
0.544564
0.543603
0.542643
0.541683
0.540725
0.539768
0.538812
0.537857
0.536903
0.53595
0.534998
0.534047
0.533097
0.532149
0.531201
0.530254
0.529309
0.528364
0.527421
0.526478
0.525536
0.524596
0.523656
0.522718
0.52178
0.520844
0.519908
0.518974
0.51804
0.517108
0.516177
0.515246
0.514316
0.513388
0.512461
0.511534
0.510609
0.509684
0.508761
0.507838
0.506916
0.505996
0.505076
0.504158
0.50324
0.502323
0.501408
0.500493
0.499579
0.498666
0.497754
0.496843
0.495933
0.495024
0.494116
0.493209
0.492302
0.491397
0.490493
0.48959
0.488687
0.487786
0.486885
0.485986
0.485087
0.484189
0.483293
0.482397
0.481501
0.480607
0.479714
0.478822
0.477931
0.47704
0.476151
0.475262
0.474374
0.473488
0.472602
0.471717
0.470833
0.46995
0.469068
0.468186
0.467305
0.466426
0.465547
0.464669
0.463793
0.462916
0.462042
0.461167
0.460294
0.459421
0.45855
0.457679
0.456809
0.45594
0.455072
0.454204
0.453338
0.452472
0.451608
0.450743
0.449881
0.449018
0.448157
0.447297
0.446437
0.445578
0.44472
0.443863
0.443007
0.442152
0.441297
0.440443
0.439591
0.438739
0.437887
0.437037
0.436188
0.435339
0.434491
0.433644
0.432798
0.431953
0.431108
0.430264
0.429421
0.428579
0.427738
0.426897
0.426058
0.425219
0.424381
0.423543
0.422707
0.421871
0.421037
0.420203
0.419369
0.418537
0.417705
0.416874
0.416044
0.415215
0.414387
0.413559
0.412732
0.411906
0.411081
0.410256
0.409433
0.40861
0.407787
0.406966
0.406145
0.405326
0.404506
0.403688
0.402871
0.402054
0.401238
0.400423
0.399608
0.398794
0.397981
0.397169
0.396358
0.395547
0.394737
0.393928
0.39312
0.392312
0.391505
0.390699
0.389894
0.389089
0.388285
0.387482
0.386679
0.385878
0.385077
0.384277
0.383477
0.382678
0.38188
0.381083
0.380286
0.379491
0.378696
0.377901
0.377108
0.376315
0.375522
0.374731
0.37394
0.37315
0.372361
0.371572
0.370784
0.369997
0.369211
0.368425
0.36764
0.366856
0.366072
0.365289
0.364507
0.363725
0.362945
0.362165
0.361385
0.360607
0.359828
0.359051
0.358275
0.357499
0.356723
0.355949
0.355175
0.354402
0.35363
0.352858
0.352087
0.351316
0.350547
0.349778
0.349009
0.348241
0.347474
0.346708
0.345942
0.345178
0.344413
0.34365
0.342887
0.342124
0.341363
0.340602
0.339841
0.339082
0.338323
0.337564
0.336807
0.33605
0.335294
0.334538
0.333783
0.333029
0.332275
0.331522
0.330769
0.330018
0.329267
0.328516
0.327766
0.327017
0.326269
0.325521
0.324774
0.324027
0.323281
0.322536
0.321791
0.321047
0.320304
0.319561
0.318819
0.318078
0.317337
0.316597
0.315857
0.315118
0.31438
0.313642
0.312905
0.312169
0.311433
0.310698
0.309963
0.309229
0.308496
0.307763
0.307031
0.306299
0.305569
0.304838
0.304109
0.30338
0.302651
0.301923
0.301196
0.30047
0.299744
0.299018
0.298294
0.297569
0.296846
0.296123
0.295401
0.294679
0.293958
0.293237
0.292517
0.291798
0.291079
0.290361
0.289643
0.288926
0.28821
0.287494
0.286779
0.286064
0.28535
0.284637
0.283924
0.283212
0.2825
0.281789
0.281078
0.280368
0.279659
0.27895
0.278242
0.277534
0.276827
0.276121
0.275415
0.274709
0.274005
0.2733
0.272597
0.271894
0.271191
0.270489
0.269788
0.269087
0.268387
0.267687
0.266988
0.26629
0.265592
0.264894
0.264197
0.263501
0.262806
0.26211
0.261416
0.260722
0.260028
0.259335
0.258643
0.257951
0.257259
0.256569
0.255879
0.255189
0.2545
0.253811
0.253123
0.252436
0.251749
0.251062
0.250377
0.249691
0.249006
0.248322
0.247639
0.246955
0.246273
0.245591
0.244909
0.244228
0.243548
0.242868
0.242188
0.241509
0.240831
0.240153
0.239476
0.238799
0.238123
0.237447
0.236772
0.236097
0.235423
0.23475
0.234077
0.233404
0.232732
0.23206
0.231389
0.230719
0.230049
0.229379
0.22871
0.228042
0.227374
0.226707
0.22604
0.225373
0.224708
0.224042
0.223377
0.222713
0.222049
0.221386
0.220723
0.220061
0.219399
0.218738
0.218077
0.217417
0.216757
0.216098
0.215439
0.21478
0.214123
0.213465
0.212808
0.212152
0.211496
0.210841
0.210186
0.209532
0.208878
0.208225
0.207572
0.20692
0.206267
0.205616
0.204965
0.204315
0.203665
0.203016
0.202367
0.201718
0.20107
0.200423
0.199775
0.199129
0.198483
0.197837
0.197192
0.196548
0.195904
0.19526
0.194617
0.193974
0.193332
0.19269
0.192049
0.191408
0.190768
0.190128
0.189488
0.188849
0.188211
0.187573
0.186935
0.186298
0.185662
0.185026
0.18439
0.183755
0.18312
0.182486
0.181852
0.181219
0.180586
0.179953
0.179321
0.17869
0.178059
0.177428
0.176798
0.176168
0.175539
0.17491
0.174282
0.173654
0.173027
0.1724
0.171773
0.171148
0.170522
0.169897
0.169272
0.168648
0.168024
0.167401
0.166778
0.166155
0.165533
0.164912
0.164291
0.16367
0.16305
0.16243
0.161811
0.161192
0.160573
0.159955
0.159338
0.158721
0.158104
0.157488
0.156872
0.156256
0.155641
0.155027
0.154413
0.153799
0.153186
0.152573
0.151961
0.151349
0.150737
0.150126
0.149516
0.148906
0.148296
0.147686
0.147078
0.146469
0.145861
0.145253
0.144646
0.144039
0.143433
0.142827
0.142221
0.141616
0.141012
0.140407
0.139804
0.1392
0.138597
0.137995
0.137392
0.136791
0.136189
0.135588
0.134988
0.134388
0.133788
0.133189
0.13259
0.131992
0.131394
0.130796
0.130199
0.129602
0.129006
0.12841
0.127814
0.127219
0.126624
0.12603
0.125436
0.124842
0.124249
0.123657
0.123064
0.122472
0.121881
0.12129
0.120699
0.120109
0.119519
0.118929
0.11834
0.117752
0.117163
0.116575
0.115988
0.115401
0.114814
0.114228
0.113642
0.113056
0.112471
0.111886
0.111302
0.110718
0.110135
0.109551
0.108969
0.108386
0.107804
0.107223
0.106642
0.106061
0.10548
0.1049
0.104321
0.103741
0.103162
0.102584
0.102006
0.101428
0.100851
0.100274
0.0996974
0.0991208
0.098545
0.0979696
0.0973948
0.0968199
0.0962455
0.0956719
0.0950983
0.0945251
0.0939521
0.0933798
0.092808
0.0922361
0.0916648
0.0910941
0.0905235
0.0899533
0.0893833
0.0888142
0.0882452
0.0876765
0.0871081
0.0865403
0.0859729
0.0854056
0.0848385
0.0842723
0.0837065
0.0831406
0.0825751
0.0820103
0.0814459
0.0808816
0.0803174
0.0797542
0.0791913
0.0786282
0.0780658
0.0775039
0.0769423
0.0763808
0.0758198
0.0752595
0.0746992
0.0741392
0.0735797
0.0730207
0.0724621
0.0719034
0.0713451
0.0707877
0.0702304
0.0696734
0.0691166
0.0685604
0.0680047
0.0674489
0.0668936
0.0663388
0.0657847
0.0652303
0.0646763
0.064123
0.06357
0.0630172
0.0624648
0.0619127
0.0613612
0.0608097
0.0602588
0.0597081
0.0591581
0.058608
0.0580582
0.0575092
0.0569605
0.0564118
0.0558635
0.0553156
0.0547684
0.054221
0.0536741
0.0531277
0.0525817
0.0520358
0.0514902
0.0509454
0.0504006
0.0498561
0.0493119
0.0487682
0.048225
0.0476819
0.047139
0.0465966
0.0460548
0.045513
0.0449713
0.0444305
0.04389
0.0433495
0.0428093
0.0422698
0.0417307
0.0411914
0.0406525
0.0401144
0.0395766
0.0390387
0.0385012
0.0379644
0.0374279
0.0368913
0.0363553
0.0358196
0.0352844
0.0347493
0.0342143
0.0336802
0.0331462
0.0326124
0.0320789
0.031546
0.0310135
0.0304809
0.0299487
0.0294171
0.0288858
0.0283544
0.0278236
0.0272933
0.0267632
0.0262334
0.0257037
0.0251746
0.024646
0.0241174
0.0235891
0.0230612
0.0225339
0.0220065
0.0214794
0.020953
0.0204267
0.0199007
0.0193749
0.0188498
0.018325
0.0178
0.0172756
0.0167517
0.0162281
0.0157044
0.0151813
0.0146586
0.0141363
0.0136139
0.0130921
0.0125706
0.0120495
0.0115285
0.0110077
0.0104875
0.00996758
0.0094479
0.00892841
0.00840955
0.00789089
0.00737237
0.0068541
0.00633639
0.00581904
0.00530179
0.00478478
0.00426828
0.00375218
0.00323602
0.00272037
0.00220502
0.00169012
0.00117526
0.000660698
0.000146746
0.000367011
0.000880576
0.00139395
0.00190676
0.00241923
0.00293166
0.0034438
0.00395533
0.00446661
0.00497792
0.00548877
0.00599917
0.00650913
0.00701926
0.00752899
0.00803807
0.00854717
0.00905587
0.00956449
0.0100723
0.0105801
0.0110879
0.011595
0.012102
0.0126084
0.0131148
0.0136211
0.0141266
0.0146319
0.0151372
0.0156422
0.0161468
0.0166508
0.0171549
0.0176588
0.018162
0.018665
0.0191679
0.0196706
0.0201727
0.0206747
0.0211763
0.0216778
0.0221789
0.0226794
0.0231801
0.0236803
0.0241802
0.0246797
0.0251791
0.0256784
0.026177
0.0266753
0.0271737
0.0276718
0.0281693
0.0286664
0.0291636
0.0296606
0.030157
0.030653
0.0311492
0.0316449
0.03214
0.032635
0.03313
0.0336245
0.0341187
0.0346126
0.0351063
0.0355998
0.0360928
0.0365855
0.0370782
0.0375705
0.0380625
0.038554
0.0390457
0.0395369
0.0400277
0.0405181
0.0410086
0.0414988
0.0419884
0.0424778
0.0429672
0.0434562
0.0439448
0.0444331
0.0449213
0.0454093
0.0458967
0.0463839
0.0468711
0.047358
0.0478443
0.0483303
0.0488164
0.0493023
0.0497875
0.0502725
0.0507575
0.0512422
0.0517264
0.0522103
0.0526943
0.0531778
0.0536609
0.0541439
0.0546266
0.0551091
0.0555912
0.056073
0.0565547
0.0570362
0.0575172
0.0579979
0.0584785
0.058959
0.0594389
0.0599185
0.0603981
0.0608775
0.0613565
0.061835
0.0623135
0.0627919
0.0632696
0.063747
0.0642246
0.0647019
0.0651786
0.0656551
0.0661316
0.0666079
0.0670836
0.067559
0.0680344
0.0685095
0.0689843
0.0694587
0.069933
0.0704072
0.0708808
0.0713542
0.0718274
0.0723006
0.0727732
0.0732454
0.0737179
0.07419
0.0746614
0.0751328
0.0756041
0.0760752
0.0765458
0.077016
0.0774863
0.0779563
0.0784258
0.0788951
0.0793643
0.0798334
0.0803018
0.0807702
0.0812384
0.0817063
0.0821739
0.0826411
0.0831084
0.0835754
0.0840419
0.0845082
0.0849744
0.0854403
0.085906
0.0863711
0.0868363
0.0873013
0.0877658
0.0882301
0.0886944
0.0891585
0.0896218
0.0900851
0.0905484
0.0910115
0.091474
0.0919362
0.0923985
0.0928604
0.0933221
0.0937833
0.0942446
0.0947057
0.0951662
0.0956267
0.0960869
0.0965469
0.0970065
0.0974659
0.0979252
0.0983843
0.0988429
0.0993013
0.0997596
0.100218
0.100675
0.101133
0.10159
0.102047
0.102504
0.102961
0.103417
0.103873
0.104329
0.104784
0.10524
0.105695
0.10615
0.106605
0.107059
0.107513
0.107967
0.108421
0.108874
0.109328
0.109781
0.110233
0.110686
0.111138
0.11159
0.112042
0.112494
0.112945
0.113396
0.113847
0.114298
0.114748
0.115198
0.115648
0.116098
0.116547
0.116996
0.117445
0.117894
0.118343
0.118791
0.119239
0.119687
0.120135
0.120582
0.121029
0.121476
0.121923
0.122369
0.122815
0.123262
0.123707
0.124153
0.124598
0.125043
0.125488
0.125933
0.126377
0.126821
0.127266
0.127709
0.128153
0.128596
0.129039
0.129482
0.129924
0.130367
0.130809
0.131251
0.131693
0.132134
0.132575
0.133016
0.133457
0.133898
0.134338
0.134778
0.135218
0.135658
0.136098
0.136537
0.136976
0.137414
0.137853
0.138291
0.138729
0.139167
0.139605
0.140043
0.14048
0.140917
0.141354
0.14179
0.142227
0.142663
0.143099
0.143535
0.14397
0.144405
0.144841
0.145275
0.14571
0.146144
0.146579
0.147012
0.147446
0.14788
0.148313
0.148746
0.149179
0.149611
0.150044
0.150476
0.150908
0.15134
0.151771
0.152203
0.152634
0.153065
0.153496
0.153926
0.154356
0.154786
0.155216
0.155646
0.156075
0.156504
0.156933
0.157362
0.157791
0.158219
0.158647
0.159075
0.159503
0.159931
0.160358
0.160785
0.161212
0.161638
0.162065
0.162491
0.162917
0.163343
0.163769
0.164194
0.164619
0.165044
0.165469
0.165894
0.166318
0.166742
0.167166
0.16759
0.168014
0.168437
0.16886
0.169283
0.169706
0.170128
0.170551
0.170973
0.171395
0.171816
0.172238
0.172659
0.17308
0.173501
0.173922
0.174342
0.174763
0.175183
0.175603
0.176022
0.176442
0.176861
0.17728
0.177699
0.178118
0.178536
0.178954
0.179372
0.17979
0.180208
0.180625
0.181043
0.18146
0.181877
0.182293
0.18271
0.183126
0.183542
0.183958
0.184373
0.184789
0.185204
0.185619
0.186034
0.186449
0.186863
0.187278
0.187692
0.188105
0.188519
0.188933
0.189346
0.189759
0.190172
0.190585
0.190997
0.191409
0.191821
0.192233
0.192645
0.193057
0.193468
0.193879
0.19429
0.194701
0.195111
0.195522
0.195932
0.196342
0.196752
0.197161
0.197571
0.19798
0.198389
0.198798
0.199206
0.199615
0.200023
0.200431
0.200839
0.201246
0.201654
0.202061
0.202468
0.202875
0.203282
0.203688
0.204095
0.204501
0.204907
0.205313
0.205718
0.206123
0.206529
0.206934
0.207338
0.207743
0.208147
0.208552
0.208956
0.20936
0.209763
0.210167
0.21057
0.210973
0.211376
0.211779
0.212181
0.212584
0.212986
0.213388
0.21379
0.214191
0.214593
0.214994
0.215395
0.215796
0.216197
0.216597
0.216998
0.217398
0.217798
0.218197
0.218597
0.218997
0.219396
0.219795
0.220194
0.220592
0.220991
0.221389
0.221787
0.222185
0.222583
0.222981
0.223378
0.223775
0.224172
0.224569
0.224966
0.225362
0.225758
0.226155
0.226551
0.226946
0.227342
0.227737
0.228132
0.228528
0.228922
0.229317
0.229712
0.230106
0.2305
0.230894
0.231288
0.231682
0.232075
0.232468
0.232861
0.233254
0.233647
0.23404
0.234432
0.234824
0.235216
0.235608
0.236
0.236391
0.236782
0.237174
0.237565
0.237955
0.238346
0.238736
0.239127
0.239517
0.239907
0.240296
0.240686
0.241075
0.241464
0.241854
0.242242
0.242631
0.24302
0.243408
0.243796
0.244184
0.244572
0.244959
0.245347
0.245734
0.246121
0.246508
0.246895
0.247282
0.247668
0.248054
0.248441
0.248827
0.249212
0.249598
0.249983
0.250369
0.250754
0.251138
0.251523
0.251908
0.252292
0.252676
0.25306
0.253444
0.253828
0.254212
0.254595
0.254978
0.255361
0.255744
0.256127
0.256509
0.256892
0.257274
0.257656
0.258038
0.258419
0.258801
0.259182
0.259563
0.259944
0.260325
0.260706
0.261086
0.261467
0.261847
0.262227
0.262607
0.262986
0.263366
0.263745
0.264124
0.264503
0.264882
0.265261
0.26564
0.266018
0.266396
0.266774
0.267152
0.26753
0.267907
0.268285
0.268662
0.269039
0.269416
0.269792
0.270169
0.270545
0.270922
0.271298
0.271674
0.272049
0.272425
0.2728
0.273176
0.273551
0.273926
0.2743
0.274675
0.275049
0.275424
0.275798
0.276172
0.276546
0.276919
0.277293
0.277666
0.278039
0.278412
0.278785
0.279158
0.27953
0.279902
0.280275
0.280647
0.281019
0.28139
0.281762
0.282133
0.282505
0.282876
0.283247
0.283617
0.283988
0.284358
0.284729
0.285099
0.285469
0.285839
0.286208
0.286578
0.286947
0.287316
0.287685
0.288054
0.288423
0.288792
0.28916
0.289528
0.289896
0.290264
0.290632
0.291
0.291367
0.291734
0.292102
0.292469
0.292835
0.293202
0.293569
0.293935
0.294301
0.294667
0.295033
0.295399
0.295765
0.29613
0.296495
0.296861
0.297226
0.29759
0.297955
0.29832
0.298684
0.299048
0.299412
0.299776
0.30014
0.300504
0.300867
0.301231
0.301594
0.301957
0.30232
0.302682
0.303045
0.303407
0.303769
0.304132
0.304494
0.304855
0.305217
0.305579
0.30594
0.306301
0.306662
0.307023
0.307384
0.307744
0.308105
0.308465
0.308825
0.309185
0.309545
0.309905
0.310264
0.310624
0.310983
0.311342
0.311701
0.31206
0.312419
0.312777
0.313136
0.313494
0.313852
0.31421
0.314568
0.314925
0.315283
0.31564
0.315997
0.316354
0.316711
0.317068
0.317425
0.317781
0.318137
0.318494
0.31885
0.319206
0.319561
0.319917
0.320272
0.320628
0.320983
0.321338
0.321693
0.322047
0.322402
0.322756
0.323111
0.323465
0.323819
0.324173
0.324526
0.32488
0.325233
0.325587
0.32594
0.326293
0.326646
0.326998
0.327351
0.327703
0.328055
0.328408
0.32876
0.329111
0.329463
0.329815
0.330166
0.330517
0.330868
0.33122
0.33157
0.331921
0.332272
0.332622
0.332972
0.333323
0.333672
0.334022
0.334372
0.334722
0.335071
0.33542
0.33577
0.336119
0.336467
0.336816
0.337165
0.337513
0.337862
0.33821
0.338558
0.338906
0.339253
0.339601
0.339949
0.340296
0.340643
0.34099
0.341337
0.341684
0.34203
0.342377
0.342723
0.34307
0.343416
0.343762
0.344107
0.344453
0.344799
0.345144
0.345489
0.345834
0.346179
0.346524
0.346869
0.347214
0.347558
0.347902
0.348246
0.348591
0.348934
0.349278
0.349622
0.349965
0.350309
0.350652
0.350995
0.351338
0.351681
0.352024
0.352366
0.352708
0.353051
0.353393
0.353735
0.354077
0.354418
0.35476
0.355102
0.355443
0.355784
0.356125
0.356466
0.356807
0.357148
0.357488
0.357829
0.358169
0.358509
0.358849
0.359189
0.359529
0.359868
0.360207
0.360547
0.360886
0.361225
0.361564
0.361903
0.362242
0.36258
0.362919
0.363257
0.363595
0.363933
0.364271
0.364609
0.364946
0.365284
0.365621
0.365958
0.366295
0.366632
0.366969
0.367306
0.367642
0.367979
0.368315
0.368651
0.368988
0.369323
0.369659
0.369995
0.37033
0.370666
0.371001
0.371336
0.371671
0.372006
0.372341
0.372675
0.37301
0.373344
0.373679
0.374013
0.374347
0.374681
0.375014
0.375348
0.375681
0.376015
0.376348
0.376681
0.377014
0.377347
0.377679
0.378012
0.378345
0.378677
0.379009
0.379341
0.379673
0.380005
0.380337
0.380668
0.381
0.381331
0.381662
0.381993
0.382324
0.382655
0.382986
0.383316
0.383647
0.383977
0.384307
0.384637
0.384967
0.385297
0.385626
0.385956
0.386285
0.386615
0.386944
0.387273
0.387602
0.387931
0.388259
0.388588
0.388916
0.389245
0.389573
0.389901
0.390229
0.390557
0.390884
0.391212
0.391539
0.391867
0.392194
0.392521
0.392848
0.393174
0.393501
0.393828
0.394154
0.394481
0.394807
0.395133
0.395459
0.395785
0.396111
0.396436
0.396762
0.397087
0.397412
0.397737
0.398062
0.398387
0.398712
0.399036
0.399361
0.399685
0.40001
0.400334
0.400658
0.400982
0.401305
0.401629
0.401953
0.402276
0.402599
0.402923
0.403246
0.403569
0.403891
0.404214
0.404537
0.404859
0.405181
0.405504
0.405826
0.406148
0.40647
0.406791
0.407113
0.407434
0.407756
0.408077
0.408398
0.408719
0.40904
0.409361
0.409682
0.410002
0.410322
0.410643
0.410963
0.411283
0.411603
0.411923
0.412243
0.412562
0.412882
0.413201
0.41352
0.41384
0.414159
0.414477
0.414796
0.415115
0.415433
0.415752
0.41607
0.416388
0.416707
0.417024
0.417342
0.41766
0.417978
0.418295
0.418613
0.41893
0.419247
0.419564
0.419881
0.420198
0.420514
0.420831
0.421148
0.421464
0.42178
0.422096
0.422412
0.422728
0.423044
0.42336
0.423675
0.42399
0.424306
0.424621
0.424936
0.425251
0.425566
0.425881
0.426195
0.42651
0.426824
0.427138
0.427453
0.427767
0.428081
0.428395
0.428708
0.429022
0.429335
0.429649
0.429962
0.430275
0.430588
0.430901
0.431214
0.431526
0.431839
0.432152
0.432464
0.432776
0.433088
0.433401
0.433712
0.434024
0.434336
0.434647
0.434959
0.43527
0.435581
0.435893
0.436204
0.436515
0.436825
0.437136
0.437447
0.437757
0.438067
0.438378
0.438688
0.438998
0.439308
0.439618
0.439927
0.440237
0.440546
0.440856
0.441165
0.441474
0.441783
0.442092
0.442401
0.44271
0.443018
0.443327
0.443635
0.443943
0.444251
0.44456
0.444867
0.445175
0.445483
0.445791
0.446098
0.446406
0.446713
0.44702
0.447327
0.447634
0.447941
0.448248
0.448554
0.448861
0.449167
0.449473
0.44978
0.450086
0.450392
0.450697
0.451003
0.451309
0.451614
0.45192
0.452225
0.452531
0.452836
0.453141
0.453446
0.45375
0.454055
0.45436
0.454664
0.454969
0.455273
0.455577
0.455881
0.456185
0.456489
0.456793
0.457096
0.4574
0.457703
0.458006
0.45831
0.458613
0.458916
0.459219
0.459521
0.459824
0.460127
0.460429
0.460732
0.461034
0.461336
0.461638
0.46194
0.462242
0.462543
0.462845
0.463147
0.463448
0.463749
0.464051
0.464352
0.464653
0.464953
0.465254
0.465555
0.465856
0.466156
0.466456
0.466757
0.467057
0.467357
0.467657
0.467957
0.468256
0.468556
0.468856
0.469155
0.469454
0.469754
0.470053
0.470352
0.470651
0.47095
0.471248
0.471547
0.471846
0.472144
0.472442
0.47274
0.473039
0.473337
0.473635
0.473932
0.47423
0.474528
0.474825
0.475122
0.47542
0.475717
0.476014
0.476311
0.476608
0.476905
0.477201
0.477498
0.477794
0.478091
0.478387
0.478683
0.478979
0.479275
0.479571
0.479867
0.480163
0.480458
0.480754
0.481049
0.481344
0.481639
0.481935
0.48223
0.482524
0.482819
0.483114
0.483408
0.483703
0.483997
0.484291
0.484586
0.48488
0.485174
0.485468
0.485761
0.486055
0.486349
0.486642
0.486935
0.487229
0.487522
0.487815
0.488108
0.488401
0.488694
0.488986
0.489279
0.489571
0.489864
0.490156
0.490448
0.49074
0.491032
0.491324
0.491616
0.491908
0.492199
0.492491
0.492782
0.493073
0.493365
0.493656
0.493947
0.494238
0.494529
0.494819
0.49511
0.4954
0.495691
0.495981
0.496271
0.496562
0.496852
0.497142
0.497431
0.497721
0.498011
0.4983
0.49859
0.498879
0.499168
0.499458
0.499747
0.500036
0.500325
0.500613
0.500902
0.501191
0.501479
0.501768
0.502056
0.502344
0.502632
0.50292
0.503208
0.503496
0.503784
0.504071
0.504359
0.504646
0.504934
0.505221
0.505508
0.505795
0.506082
0.506369
0.506656
0.506943
0.507229
0.507516
0.507802
0.508088
0.508375
0.508661
0.508947
0.509233
0.509519
0.509804
0.51009
0.510376
0.510661
0.510946
0.511232
0.511517
0.511802
0.512087
0.512372
0.512657
0.512941
0.513226
0.513511
0.513795
0.514079
0.514364
0.514648
0.514932
0.515216
0.5155
0.515783
0.516067
0.516351
0.516634
0.516918
0.517201
0.517484
0.517767
0.51805
0.518333
0.518616
0.518899
0.519182
0.519464
0.519747
0.520029
0.520312
0.520594
0.520876
0.521158
0.52144
0.521722
0.522004
0.522285
0.522567
0.522848
0.52313
0.523411
0.523692
0.523973
0.524254
0.524535
0.524816
0.525097
0.525378
0.525658
0.525939
0.526219
0.526499
0.52678
0.52706
0.52734
0.52762
0.5279
0.528179
0.528459
0.528739
0.529018
0.529297
0.529577
0.529856
0.530135
0.530414
0.530693
0.530972
0.531251
0.531529
0.531808
0.532087
0.532365
0.532643
0.532922
0.5332
0.533478
0.533756
0.534034
0.534311
0.534589
0.534867
0.535144
0.535422
0.535699
0.535976
0.536254
0.536531
0.536808
0.537085
0.537361
0.537638
0.537915
0.538191
0.538468
0.538744
0.539021
0.539297
0.539573
0.539849
0.540125
0.540401
0.540676
0.540952
0.541228
0.541503
0.541779
0.542054
0.542329
0.542604
0.54288
0.543154
0.543429
0.543704
0.543979
0.544254
0.544528
0.544802
0.545077
0.545351
0.545625
0.5459
0.546174
0.546448
0.546721
0.546995
0.547269
0.547542
0.547816
0.548089
0.548363
0.548636
0.548909
0.549182
0.549455
0.549728
0.550001
0.550274
0.550546
0.550819
0.551091
0.551364
0.551636
0.551908
0.55218
0.552453
0.552724
0.552996
0.553268
0.55354
0.553811
0.554083
0.554354
0.554626
0.554897
0.555168
0.55544
0.555711
0.555982
0.556252
0.556523
0.556794
0.557064
0.557335
0.557606
0.557876
0.558146
0.558416
0.558686
0.558956
0.559226
0.559496
0.559766
0.560036
0.560305
0.560575
0.560844
0.561114
0.561383
0.561652
0.561921
0.56219
0.562459
0.562728
0.562997
0.563265
0.563534
0.563803
0.564071
0.564339
0.564608
0.564876
0.565144
0.565412
0.56568
0.565948
0.566216
0.566483
0.566751
0.567018
0.567286
0.567553
0.567821
0.568088
0.568355
0.568622
0.568889
0.569156
0.569423
0.569689
0.569956
0.570222
0.570489
0.570755
0.571022
0.571288
0.571554
0.57182
0.572086
0.572352
0.572618
0.572883
0.573149
0.573415
0.57368
0.573946
0.574211
0.574476
0.574741
0.575006
0.575271
0.575536
0.575801
0.576066
0.576331
0.576595
0.57686
0.577124
0.577388
0.577653
0.577917
0.578181
0.578445
0.578709
0.578973
0.579237
0.5795
0.579764
0.580028
0.580291
0.580554
0.580818
0.581081
0.581344
0.581607
0.58187
0.582133
0.582396
0.582659
0.582921
0.583184
0.583447
0.583709
0.583971
0.584234
0.584496
0.584758
0.58502
0.585282
0.585544
0.585806
0.586067
0.586329
0.586591
0.586852
0.587113
0.587375
0.587636
0.587897
0.588158
0.588419
0.58868
0.588941
0.589202
0.589463
0.589723
0.589984
0.590244
0.590505
0.590765
0.591025
0.591285
0.591546
0.591805
0.592065
0.592325
0.592585
0.592845
0.593104
0.593364
0.593623
0.593883
0.594142
0.594401
0.59466
0.594919
0.595178
0.595437
0.595696
0.595955
0.596214
0.596472
0.596731
0.596989
0.597248
0.597506
0.597764
0.598022
0.59828
0.598538
0.598796
0.599054
0.599312
0.599569
0.599827
0.600085
0.600342
0.6006
0.600857
0.601114
0.601371
0.601628
0.601885
0.602142
0.602399
0.602656
0.602913
0.603169
0.603426
0.603682
0.603939
0.604195
0.604451
0.604707
0.604963
0.605219
0.605475
0.605731
0.605987
0.606243
0.606498
0.606754
0.60701
0.607265
0.60752
0.607776
0.608031
0.608286
0.608541
0.608796
0.609051
0.609306
0.60956
0.609815
0.61007
0.610324
0.610578
0.610833
0.611087
0.611341
0.611596
0.61185
0.612104
0.612358
0.612611
0.612865
0.613119
0.613373
0.613626
0.61388
0.614133
0.614386
0.61464
0.614893
0.615146
0.615399
0.615652
0.615905
0.616158
0.61641
0.616663
0.616915
0.617168
0.61742
0.617673
0.617925
0.618177
0.61843
0.618682
0.618934
0.619186
0.619437
0.619689
0.619941
0.620192
0.620444
0.620696
0.620947
0.621198
0.62145
0.621701
0.621952
0.622203
0.622454
0.622705
0.622956
0.623207
0.623457
0.623708
0.623959
0.624209
0.624459
0.62471
0.62496
0.62521
0.62546
0.62571
0.62596
0.62621
0.62646
0.62671
0.626959
0.627209
0.627459
0.627708
0.627958
0.628207
0.628456
0.628705
0.628954
0.629203
0.629452
0.629701
0.62995
0.630199
0.630448
0.630696
0.630945
0.631193
0.631442
0.63169
0.631938
0.632186
0.632435
0.632683
0.632931
0.633178
0.633426
0.633674
0.633922
0.634169
0.634417
0.634664
0.634912
0.635159
0.635407
0.635654
0.635901
0.636148
0.636395
0.636642
0.636889
0.637135
0.637382
0.637629
0.637875
0.638122
0.638368
0.638614
0.638861
0.639107
0.639353
0.639599
0.639846
0.640091
0.640337
0.640583
0.640829
0.641074
0.64132
0.641565
0.641811
0.642056
0.642302
0.642547
0.642792
0.643037
0.643282
0.643527
0.643772
0.644017
0.644262
0.644506
0.644751
0.644995
0.64524
0.645484
0.645729
0.645973
0.646217
0.646461
0.646706
0.646949
0.647194
0.647437
0.647681
0.647925
0.648169
0.648412
0.648656
0.648899
0.649143
0.649386
0.649629
0.649872
0.650116
0.650358
0.650602
0.650844
0.651087
0.65133
0.651573
0.651815
0.652058
0.6523
0.652543
0.652785
0.653028
0.65327
0.653512
0.653754
0.653996
0.654238
0.65448
0.654722
0.654964
0.655205
0.655447
0.655688
0.65593
0.656171
0.656413
0.656654
0.656895
0.657136
0.657378
0.657619
0.65786
0.6581
0.658341
0.658582
0.658823
0.659063
0.659304
0.659544
0.659785
0.660025
0.660266
0.660506
0.660746
0.660986
0.661226
0.661466
0.661706
0.661946
0.662186
0.662425
0.662665
0.662904
0.663144
0.663383
0.663623
0.663862
0.664101
0.66434
0.66458
0.664818
0.665058
0.665296
0.665535
0.665774
0.666013
0.666251
0.66649
0.666728
0.666967
0.667205
0.667444
0.667682
0.66792
0.668158
0.668396
0.668634
0.668872
0.66911
0.669348
0.669585
0.669823
0.670061
0.670299
0.670536
0.670773
0.67101
0.671248
0.671485
0.671722
0.671959
0.672196
0.672433
0.67267
0.672907
0.673144
0.67338
0.673617
0.673853
0.67409
0.674326
0.674563
0.674799
0.675036
0.675272
0.675508
0.675744
0.67598
0.676216
0.676452
0.676687
0.676923
0.677159
0.677394
0.67763
0.677865
0.678101
0.678336
0.678571
0.678807
0.679042
0.679277
0.679512
0.679747
0.679982
0.680217
0.680451
0.680686
0.680921
0.681155
0.68139
0.681624
0.681858
0.682093
0.682327
0.682562
0.682796
0.68303
0.683264
0.683498
0.683731
0.683966
0.684199
0.684433
0.684666
0.6849
0.685133
0.685367
0.6856
0.685834
0.686067
0.6863
0.686533
0.686767
0.686999
0.687232
0.687465
0.687698
0.687931
0.688164
0.688396
0.688629
0.688861
0.689094
0.689326
0.689559
0.68979
0.690023
0.690255
0.690487
0.690719
0.690951
0.691183
0.691415
0.691646
0.691878
0.69211
0.692342
0.692573
0.692805
0.693036
0.693267
0.693498
0.69373
0.693961
0.694192
0.694423
0.694654
0.694885
0.695116
0.695346
0.695577
0.695808
0.696038
0.696269
0.696499
0.69673
0.69696
0.69719
0.697421
0.697651
0.697881
0.698111
0.698341
0.698571
0.698801
0.69903
0.69926
0.69949
0.69972
0.699949
0.700179
0.700408
0.700638
0.700867
0.701096
0.701325
0.701554
0.701783
0.702013
0.702241
0.702471
0.702699
0.702928
0.703157
0.703385
0.703614
0.703843
0.704071
0.7043
0.704528
0.704756
0.704984
0.705213
0.70544
0.705669
0.705896
0.706125
0.706352
0.70658
0.706808
0.707036
0.707263
0.707491
0.707718
0.707946
0.708173
0.708401
0.708628
0.708855
0.709082
0.709309
0.709536
0.709763
0.70999
0.710217
0.710444
0.710671
0.710897
0.711124
0.711351
0.711577
0.711803
0.71203
0.712256
0.712483
0.712709
0.712935
0.713161
0.713387
0.713613
0.713839
0.714065
0.714291
0.714516
0.714742
0.714968
0.715193
0.715419
0.715644
0.715869
0.716095
0.71632
0.716545
0.71677
0.716996
0.717221
0.717446
0.717671
0.717896
0.71812
0.718345
0.71857
0.718795
0.719019
0.719244
0.719468
0.719692
0.719917
0.720141
0.720365
0.720589
0.720813
0.721038
0.721261
0.721486
0.721709
0.721933
0.722157
0.722381
0.722604
0.722828
0.723051
0.723275
0.723498
0.723722
0.723945
0.724168
0.724391
0.724615
0.724838
0.725061
0.725284
0.725507
0.725729
0.725952
0.726175
0.726398
0.72662
0.726843
0.727065
0.727288
0.72751
0.727733
0.727955
0.728177
0.728399
0.728621
0.728843
0.729065
0.729287
0.729509
0.729731
0.729953
0.730174
0.730396
0.730618
0.730839
0.731061
0.731282
0.731503
0.731725
0.731946
0.732167
0.732388
0.73261
0.73283
0.733052
0.733272
0.733493
0.733714
0.733935
0.734155
0.734376
0.734597
0.734817
0.735038
0.735258
0.735478
0.735699
0.735919
0.736139
0.736359
0.73658
0.736799
0.73702
0.737239
0.737459
0.737679
0.737899
0.738118
0.738338
0.738558
0.738777
0.738997
0.739216
0.739435
0.739655
0.739874
0.740093
0.740312
0.740532
0.74075
0.740969
0.741188
0.741407
0.741626
0.741845
0.742063
0.742282
0.742501
0.742719
0.742938
0.743156
0.743374
0.743593
0.743811
0.744029
0.744247
0.744466
0.744683
0.744902
0.745119
0.745337
0.745555
0.745773
0.74599
0.746208
0.746426
0.746644
0.746861
0.747078
0.747296
0.747513
0.74773
0.747948
0.748164
0.748382
0.748599
0.748816
0.749033
0.74925
0.749467
0.749683
0.7499
0.750117
0.750333
0.75055
0.750767
0.750983
0.751199
0.751416
0.751632
0.751848
0.752064
0.752281
0.752497
0.752713
0.752929
0.753145
0.75336
0.753576
0.753792
0.754008
0.754224
0.754439
0.754655
0.75487
0.755085
0.755301
0.755516
0.755732
0.755947
0.756162
0.756377
0.756592
0.756807
0.757022
0.757237
0.757452
0.757667
0.757881
0.758096
0.758311
0.758525
0.75874
0.758954
0.759169
0.759383
0.759597
0.759812
0.760026
0.76024
0.760454
0.760668
0.760882
0.761096
0.76131
0.761524
0.761738
0.761952
0.762165
0.762379
0.762592
0.762806
0.763019
0.763233
0.763446
0.76366
0.763873
0.764086
0.764299
0.764512
0.764725
0.764938
0.765151
0.765364
0.765577
0.76579
0.766003
0.766215
0.766428
0.766641
0.766853
0.767066
0.767278
0.767491
0.767703
0.767915
0.768127
0.76834
0.768552
0.768764
0.768976
0.769188
0.7694
0.769612
0.769823
0.770035
0.770247
0.770458
0.77067
0.770882
0.771093
0.771305
0.771516
0.771727
0.771939
0.77215
0.772361
0.772572
0.772783
0.772994
0.773205
0.773416
0.773627
0.773838
0.774049
0.77426
0.77447
0.774681
0.774891
0.775102
0.775313
0.775523
0.775733
0.775944
0.776154
0.776364
0.776574
0.776784
0.776995
0.777205
0.777415
0.777624
0.777834
0.778044
0.778254
0.778464
0.778673
0.778883
0.779092
0.779302
0.779511
0.779721
0.77993
0.78014
0.780349
0.780558
0.780767
0.780976
0.781185
0.781394
0.781603
0.781812
0.782021
0.78223
0.782439
0.782647
0.782856
0.783065
0.783273
0.783482
0.78369
0.783899
0.784107
0.784315
0.784524
0.784732
0.78494
0.785148
0.785356
0.785564
0.785772
0.78598
0.786188
0.786396
0.786603
0.786811
0.787019
0.787226
0.787434
0.787641
0.787849
0.788056
0.788264
0.788471
0.788678
0.788886
0.789093
0.7893
0.789507
0.789714
0.789921
0.790128
0.790335
0.790542
0.790748
0.790955
0.791162
0.791368
0.791575
0.791781
0.791988
0.792194
0.792401
0.792607
0.792813
0.793019
0.793226
0.793432
0.793638
0.793844
0.79405
0.794256
0.794462
0.794668
0.794873
0.795079
0.795285
0.79549
0.795696
0.795902
0.796107
0.796313
0.796518
0.796723
0.796929
0.797134
0.797339
0.797544
0.797749
0.797954
0.798159
0.798364
0.798569
0.798774
0.798979
0.799184
0.799389
0.799593
0.799798
0.800003
0.800207
0.800411
0.800616
0.80082
0.801025
0.801229
0.801433
0.801637
0.801842
0.802046
0.80225
0.802454
0.802658
0.802862
0.803065
0.803269
0.803473
0.803677
0.80388
0.804084
0.804288
0.804491
0.804695
0.804898
0.805101
0.805305
0.805508
0.805711
0.805915
0.806118
0.806321
0.806524
0.806727
0.80693
0.807133
0.807335
0.807538
0.807741
0.807944
0.808146
0.808349
0.808552
0.808754
0.808957
0.809159
0.809362
0.809564
0.809766
0.809968
0.810171
0.810373
0.810575
0.810777
0.810979
0.811181
0.811383
0.811585
0.811787
0.811988
0.81219
0.812392
0.812593
0.812795
0.812997
0.813198
0.813399
0.813601
0.813802
0.814003
0.814205
0.814406
0.814607
0.814808
0.815009
0.81521
0.815411
0.815612
0.815813
0.816014
0.816215
0.816416
0.816616
0.816817
0.817018
0.817218
0.817419
0.817619
0.81782
0.81802
0.81822
0.818421
0.818621
0.818821
0.819021
0.819221
0.819421
0.819621
0.819821
0.820021
0.820221
0.820421
0.820621
0.82082
0.82102
0.82122
0.821419
0.821619
0.821818
0.822018
0.822217
0.822417
0.822616
0.822815
0.823015
0.823214
0.823413
0.823612
0.823811
0.82401
0.824209
0.824408
0.824607
0.824806
0.825004
0.825203
0.825402
0.8256
0.825799
0.825998
0.826196
0.826394
0.826593
0.826791
0.82699
0.827188
0.827386
0.827584
0.827782
0.827981
0.828179
0.828377
0.828574
0.828772
0.82897
0.829168
0.829366
0.829564
0.829761
0.829959
0.830157
0.830354
0.830552
0.830749
0.830947
0.831144
0.831341
0.831539
0.831736
0.831933
0.83213
0.832327
0.832524
0.832721
0.832918
0.833115
0.833312
0.833509
0.833706
0.833902
0.834099
0.834296
0.834492
0.834689
0.834886
0.835082
0.835278
0.835475
0.835671
0.835867
0.836064
0.83626
0.836456
0.836652
0.836848
0.837044
0.83724
0.837436
0.837632
0.837828
0.838024
0.83822
0.838416
0.838611
0.838807
0.839002
0.839198
0.839393
0.839589
0.839784
0.83998
0.840175
0.84037
0.840566
0.840761
0.840956
0.841151
0.841346
0.841541
0.841736
0.841931
0.842126
0.842321
0.842516
0.84271
0.842905
0.8431
0.843294
0.843489
0.843684
0.843878
0.844073
0.844267
0.844461
0.844656
0.84485
0.845044
0.845238
0.845433
0.845627
0.845821
0.846015
0.846209
0.846403
0.846597
0.84679
0.846984
0.847178
0.847372
0.847565
0.847759
0.847953
0.848146
0.84834
0.848533
0.848727
0.84892
0.849113
0.849307
0.8495
0.849693
0.849886
0.850079
0.850272
0.850465
0.850658
0.850851
0.851044
0.851237
0.85143
0.851623
0.851815
0.852008
0.852201
0.852393
0.852586
0.852778
0.852971
0.853163
0.853356
0.853548
0.85374
0.853933
0.854125
0.854317
0.854509
0.854701
0.854893
0.855085
0.855277
0.855469
0.855661
0.855853
0.856045
0.856237
0.856428
0.85662
0.856812
0.857003
0.857195
0.857386
0.857578
0.857769
0.85796
0.858152
0.858343
0.858534
0.858726
0.858917
0.859108
0.859299
0.85949
0.859681
0.859872
0.860063
0.860254
0.860444
0.860635
0.860826
0.861017
0.861207
0.861398
0.861589
0.861779
0.86197
0.86216
0.86235
0.862541
0.862731
0.862921
0.863112
0.863302
0.863492
0.863682
0.863872
0.864062
0.864252
0.864442
0.864632
0.864822
0.865012
0.865202
0.865391
0.865581
0.865771
0.86596
0.86615
0.86634
0.866529
0.866718
0.866908
0.867097
0.867287
0.867476
0.867665
0.867854
0.868043
0.868233
0.868422
0.868611
0.8688
0.868989
0.869178
0.869366
0.869555
0.869744
0.869933
0.870121
0.87031
0.870499
0.870687
0.870876
0.871064
0.871253
0.871441
0.87163
0.871818
0.872006
0.872195
0.872383
0.872571
0.872759
0.872947
0.873135
0.873323
0.873511
0.873699
0.873887
0.874075
0.874263
0.874451
0.874638
0.874826
0.875014
0.875201
0.875389
0.875576
0.875764
0.875951
0.876139
0.876326
0.876514
0.876701
0.876888
0.877075
0.877263
0.87745
0.877637
0.877824
0.878011
0.878198
0.878385
0.878572
0.878758
0.878945
0.879132
0.879319
0.879505
0.879692
0.879879
0.880065
0.880252
0.880438
0.880625
0.880811
0.880997
0.881184
0.88137
0.881556
0.881742
0.881929
0.882115
0.882301
0.882487
0.882673
0.882859
0.883045
0.883231
0.883416
0.883602
0.883788
0.883974
0.884159
0.884345
0.884531
0.884716
0.884902
0.885087
0.885273
0.885458
0.885644
0.885829
0.886014
0.886199
0.886385
0.88657
0.886755
0.88694
0.887125
0.88731
0.887495
0.88768
0.887865
0.88805
0.888235
0.888419
0.888604
0.888789
0.888973
0.889158
0.889343
0.889527
0.889712
0.889896
0.890081
0.890265
0.890449
0.890634
0.890818
0.891002
0.891186
0.891371
0.891555
0.891739
0.891923
0.892107
0.892291
0.892475
0.892659
0.892842
0.893026
0.89321
0.893394
0.893577
0.893761
0.893945
0.894128
0.894312
0.894495
0.894679
0.894862
0.895045
0.895229
0.895412
0.895595
0.895778
0.895962
0.896145
0.896328
0.896511
0.896694
0.896877
0.89706
0.897243
0.897426
0.897609
0.897791
0.897974
0.898157
0.89834
0.898522
0.898705
0.898887
0.89907
0.899252
0.899435
0.899617
0.8998
0.899982
0.900164
0.900347
0.900529
0.900711
0.900893
0.901075
0.901257
0.901439
0.901621
0.901803
0.901985
0.902167
0.902349
0.902531
0.902712
0.902894
0.903076
0.903257
0.903439
0.903621
0.903802
0.903984
0.904165
0.904347
0.904528
0.904709
0.904891
0.905072
0.905253
0.905434
0.905615
0.905797
0.905978
0.906159
0.90634
0.906521
0.906702
0.906882
0.907063
0.907244
0.907425
0.907606
0.907786
0.907967
0.908148
0.908328
0.908509
0.908689
0.90887
0.90905
0.909231
0.909411
0.909591
0.909772
0.909952
0.910132
0.910312
0.910492
0.910673
0.910853
0.911033
0.911213
0.911393
0.911572
0.911752
0.911932
0.912112
0.912292
0.912472
0.912651
0.912831
0.913011
0.91319
0.91337
0.913549
0.913729
0.913908
0.914088
0.914267
0.914446
0.914625
0.914805
0.914984
0.915163
0.915342
0.915521
0.9157
0.915879
0.916058
0.916237
0.916416
0.916595
0.916774
0.916953
0.917132
0.91731
0.917489
0.917668
0.917846
0.918025
0.918203
0.918382
0.91856
0.918739
0.918917
0.919096
0.919274
0.919452
0.919631
0.919809
0.919987
0.920165
0.920343
0.920521
0.920699
0.920877
0.921055
0.921233
0.921411
0.921589
0.921767
0.921945
0.922122
0.9223
0.922478
0.922655
0.922833
0.923011
0.923188
0.923365
0.923543
0.92372
0.923898
0.924075
0.924252
0.92443
0.924607
0.924784
0.924961
0.925139
0.925315
0.925493
0.92567
0.925847
0.926023
0.9262
0.926377
0.926554
0.926731
0.926908
0.927084
0.927261
0.927438
0.927614
0.927791
0.927968
0.928144
0.928321
0.928497
0.928673
0.92885
0.929026
0.929202
0.929379
0.929555
0.929731
0.929907
0.930083
0.93026
0.930436
0.930612
0.930788
0.930964
0.931139
0.931315
0.931491
0.931667
0.931843
0.932018
0.932194
0.93237
0.932545
0.932721
0.932897
0.933072
0.933248
0.933423
0.933598
0.933774
0.933949
0.934124
0.9343
0.934475
0.93465
0.934825
0.935
0.935176
0.935351
0.935526
0.935701
0.935875
0.93605
0.936225
0.9364
0.936575
0.93675
0.936924
0.937099
0.937274
0.937449
0.937623
0.937798
0.937972
0.938147
0.938321
0.938496
0.93867
0.938844
0.939019
0.939193
0.939367
0.939542
0.939716
0.93989
0.940064
0.940238
0.940412
0.940586
0.94076
0.940934
0.941108
0.941282
0.941456
0.941629
0.941803
0.941977
0.942151
0.942324
0.942498
0.942671
0.942845
0.943018
0.943192
0.943365
0.943539
0.943712
0.943886
0.944059
0.944232
0.944405
0.944579
0.944752
0.944925
0.945098
0.945271
0.945444
0.945617
0.94579
0.945963
0.946136
0.946309
0.946482
0.946654
0.946827
0.947
0.947173
0.947345
0.947518
0.947691
0.947863
0.948036
0.948208
0.948381
0.948553
0.948725
0.948898
0.94907
0.949242
0.949414
0.949587
0.949759
0.949931
0.950103
0.950275
0.950447
0.950619
0.950791
0.950963
0.951135
0.951307
0.951479
0.951651
0.951822
0.951994
0.952166
0.952337
0.952509
0.952681
0.952852
0.953024
0.953195
0.953367
0.953538
0.95371
0.953881
0.954052
0.954224
0.954395
0.954566
0.954737
0.954908
0.95508
0.955251
0.955422
0.955593
0.955764
0.955935
0.956106
0.956277
0.956447
0.956618
0.956789
0.95696
0.95713
0.957301
0.957472
0.957642
0.957813
0.957984
0.958154
0.958325
0.958495
0.958666
0.958836
0.959006
0.959177
0.959347
0.959517
0.959687
0.959858
0.960028
0.960198
0.960368
0.960538
0.960708
0.960878
0.961048
0.961218
0.961388
0.961558
0.961727
0.961897
0.962067
0.962237
0.962406
0.962576
0.962746
0.962915
0.963085
0.963254
0.963424
0.963593
0.963763
0.963932
0.964101
0.964271
0.96444
0.964609
0.964779
0.964948
0.965117
0.965286
0.965455
0.965624
0.965793
0.965962
0.966131
0.9663
0.966469
0.966638
0.966807
0.966976
0.967144
0.967313
0.967482
0.96765
0.967819
0.967988
0.968156
0.968325
0.968493
0.968662
0.96883
0.968999
0.969167
0.969335
0.969504
0.969672
0.96984
0.970008
0.970176
0.970345
0.970513
0.970681
0.970849
0.971017
0.971185
0.971353
0.971521
0.971689
0.971856
0.972024
0.972192
0.97236
0.972528
0.972695
0.972863
0.973031
0.973198
0.973366
0.973533
0.973701
0.973868
0.974036
0.974203
0.97437
0.974538
0.974705
0.974872
0.97504
0.975207
0.975374
0.975541
0.975708
0.975875
0.976042
0.976209
0.976376
0.976543
0.97671
0.976877
0.977044
0.977211
0.977378
0.977544
0.977711
0.977878
0.978044
0.978211
0.978378
0.978544
0.978711
0.978877
0.979044
0.97921
0.979376
0.979543
0.979709
0.979876
0.980042
0.980208
0.980374
0.98054
0.980707
0.980873
0.981039
0.981205
0.981371
0.981537
0.981703
0.981869
0.982035
0.982201
0.982366
0.982532
0.982698
0.982864
0.983029
0.983195
0.983361
0.983526
0.983692
0.983857
0.984023
0.984189
0.984354
0.984519
0.984685
0.98485
0.985015
0.985181
0.985346
0.985511
0.985676
0.985842
0.986007
0.986172
0.986337
0.986502
0.986667
0.986832
0.986997
0.987162
0.987327
0.987492
0.987656
0.987821
0.987986
0.988151
0.988316
0.98848
0.988645
0.988809
0.988974
0.989138
0.989303
0.989467
0.989632
0.989796
0.989961
0.990125
0.990289
0.990454
0.990618
0.990782
0.990946
0.991111
0.991275
0.991439
0.991603
0.991767
0.991931
0.992095
0.992259
0.992423
0.992587
0.992751
0.992914
0.993078
0.993242
0.993406
0.993569
0.993733
0.993897
0.99406
0.994224
0.994388
0.994551
0.994715
0.994878
0.995041
0.995205
0.995368
0.995532
0.995695
0.995858
0.996022
0.996185
0.996348
0.996511
0.996674
0.996837
0.997
0.997163
0.997326
0.997489
0.997652
0.997815
0.997978
0.998141
0.998304
0.998466
0.998629
0.998792
0.998955
0.999117
0.99928
0.999443
0.999605
0.999768
0.99993
1.00009
1.00026
1.00042
1.00058
1.00074
1.0009
1.00107
1.00123
1.00139
1.00155
1.00172
1.00188
1.00204
1.0022
1.00236
1.00253
1.00269
1.00285
1.00301
1.00317
1.00334
1.0035
1.00366
1.00382
1.00398
1.00414
1.00431
1.00447
1.00463
1.00479
1.00495
1.00511
1.00528
1.00544
1.0056
1.00576
1.00592
1.00608
1.00624
1.00641
1.00657
1.00673
1.00689
1.00705
1.00721
1.00737
1.00753
1.0077
1.00786
1.00802
1.00818
1.00834
1.0085
1.00866
1.00882
1.00898
1.00914
1.0093
1.00947
1.00963
1.00979
1.00995
1.01011
1.01027
1.01043
1.01059
1.01075
1.01091
1.01107
1.01123
1.01139
1.01155
1.01171
1.01187
1.01203
1.01219
1.01235
1.01251
1.01267
1.01283
1.01299
1.01315
1.01331
1.01347
1.01363
1.01379
1.01395
1.01411
1.01427
1.01443
1.01459
1.01475
1.01491
1.01507
1.01523
1.01539
1.01555
1.01571
1.01587
1.01603
1.01619
1.01635
1.01651
1.01667
1.01683
1.01699
1.01715
1.01731
1.01746
1.01762
1.01778
1.01794
1.0181
1.01826
1.01842
1.01858
1.01874
1.0189
1.01906
1.01921
1.01937
1.01953
1.01969
1.01985
1.02001
1.02017
1.02033
1.02049
1.02064
1.0208
1.02096
1.02112
1.02128
1.02144
1.0216
1.02175
1.02191
1.02207
1.02223
1.02239
1.02255
1.0227
1.02286
1.02302
1.02318
1.02334
1.0235
1.02365
1.02381
1.02397
1.02413
1.02429
1.02444
1.0246
1.02476
1.02492
1.02508
1.02523
1.02539
1.02555
1.02571
1.02586
1.02602
1.02618
1.02634
1.02649
1.02665
1.02681
1.02697
1.02713
1.02728
1.02744
1.0276
1.02775
1.02791
1.02807
1.02823
1.02838
1.02854
1.0287
1.02886
1.02901
1.02917
1.02933
1.02948
1.02964
1.0298
1.02996
1.03011
1.03027
1.03043
1.03058
1.03074
1.0309
1.03105
1.03121
1.03137
1.03152
1.03168
1.03184
1.03199
1.03215
1.03231
1.03246
1.03262
1.03278
1.03293
1.03309
1.03325
1.0334
1.03356
1.03371
1.03387
1.03403
1.03418
1.03434
1.0345
1.03465
1.03481
1.03496
1.03512
1.03528
1.03543
1.03559
1.03574
1.0359
1.03606
1.03621
1.03637
1.03652
1.03668
1.03683
1.03699
1.03715
1.0373
1.03746
1.03761
1.03777
1.03792
1.03808
1.03824
1.03839
1.03855
1.0387
1.03886
1.03901
1.03917
1.03932
1.03948
1.03963
1.03979
1.03994
1.0401
1.04025
1.04041
1.04056
1.04072
1.04087
1.04103
1.04118
1.04134
1.04149
1.04165
1.0418
1.04196
1.04211
1.04227
1.04242
1.04258
1.04273
1.04289
1.04304
1.0432
1.04335
1.04351
1.04366
1.04382
1.04397
1.04412
1.04428
1.04443
1.04459
1.04474
1.0449
1.04505
1.0452
1.04536
1.04551
1.04567
1.04582
1.04598
1.04613
1.04628
1.04644
1.04659
1.04675
1.0469
1.04705
1.04721
1.04736
1.04751
1.04767
1.04782
1.04798
1.04813
1.04828
1.04844
1.04859
1.04874
1.0489
1.04905
1.04921
1.04936
1.04951
1.04967
1.04982
1.04997
1.05013
1.05028
1.05043
1.05059
1.05074
1.05089
1.05105
1.0512
1.05135
1.05151
1.05166
1.05181
1.05196
1.05212
1.05227
1.05242
1.05258
1.05273
1.05288
1.05304
1.05319
1.05334
1.05349
1.05365
1.0538
1.05395
1.0541
1.05426
1.05441
1.05456
1.05472
1.05487
1.05502
1.05517
1.05533
1.05548
1.05563
1.05578
1.05594
1.05609
1.05624
1.05639
1.05654
1.0567
1.05685
1.057
1.05715
1.05731
1.05746
1.05761
1.05776
1.05791
1.05807
1.05822
1.05837
1.05852
1.05867
1.05882
1.05898
1.05913
1.05928
1.05943
1.05958
1.05974
1.05989
1.06004
1.06019
1.06034
1.06049
1.06065
1.0608
1.06095
1.0611
1.06125
1.0614
1.06155
1.06171
1.06186
1.06201
1.06216
1.06231
1.06246
1.06261
1.06276
1.06292
1.06307
1.06322
1.06337
1.06352
1.06367
1.06382
1.06397
1.06412
1.06427
1.06443
1.06458
1.06473
1.06488
1.06503
1.06518
1.06533
1.06548
1.06563
1.06578
1.06593
1.06608
1.06623
1.06638
1.06653
1.06669
1.06684
1.06699
1.06714
1.06729
1.06744
1.06759
1.06774
1.06789
1.06804
1.06819
1.06834
1.06849
1.06864
1.06879
1.06894
1.06909
1.06924
1.06939
1.06954
1.06969
1.06984
1.06999
1.07014
1.07029
1.07044
1.07059
1.07074
1.07089
1.07104
1.07119
1.07134
1.07149
1.07164
1.07179
1.07194
1.07209
1.07224
1.07238
1.07253
1.07268
1.07283
1.07298
1.07313
1.07328
1.07343
1.07358
1.07373
1.07388
1.07403
1.07418
1.07433
1.07448
1.07462
1.07477
1.07492
1.07507
1.07522
1.07537
1.07552
1.07567
1.07582
1.07597
1.07611
1.07626
1.07641
1.07656
1.07671
1.07686
1.07701
1.07716
1.0773
1.07745
1.0776
1.07775
1.0779
1.07805
1.0782
1.07834
1.07849
1.07864
1.07879
1.07894
1.07909
1.07923
1.07938
1.07953
1.07968
1.07983
1.07998
1.08012
1.08027
1.08042
1.08057
1.08072
1.08086
1.08101
1.08116
1.08131
1.08146
1.0816
1.08175
1.0819
1.08205
1.0822
1.08234
1.08249
1.08264
1.08279
1.08293
1.08308
1.08323
1.08338
1.08352
1.08367
1.08382
1.08397
1.08412
1.08426
1.08441
1.08456
1.0847
1.08485
1.085
1.08515
1.08529
1.08544
1.08559
1.08574
1.08588
1.08603
1.08618
1.08632
1.08647
1.08662
1.08677
1.08691
1.08706
1.08721
1.08735
1.0875
1.08765
1.08779
1.08794
1.08809
1.08824
1.08838
1.08853
1.08868
1.08882
1.08897
1.08912
1.08926
1.08941
1.08956
1.0897
1.08985
1.08999
1.09014
1.09029
1.09043
1.09058
1.09073
1.09087
1.09102
1.09117
1.09131
1.09146
1.0916
1.09175
1.0919
1.09204
1.09219
1.09234
1.09248
1.09263
1.09277
1.09292
1.09307
1.09321
1.09336
1.0935
1.09365
1.0938
1.09394
1.09409
1.09423
1.09438
1.09452
1.09467
1.09482
1.09496
1.09511
1.09525
1.0954
1.09554
1.09569
1.09583
1.09598
1.09613
1.09627
1.09642
1.09656
1.09671
1.09685
1.097
1.09714
1.09729
1.09743
1.09758
1.09772
1.09787
1.09801
1.09816
1.09831
1.09845
1.0986
1.09874
1.09889
1.09903
1.09918
1.09932
1.09947
1.09961
1.09975
1.0999
1.10004
1.10019
1.10033
1.10048
1.10062
1.10077
1.10091
1.10106
1.1012
1.10135
1.10149
1.10164
1.10178
1.10193
1.10207
1.10221
1.10236
1.1025
1.10265
1.10279
1.10294
1.10308
1.10322
1.10337
1.10351
1.10366
1.1038
1.10395
1.10409
1.10423
1.10438
1.10452
1.10467
1.10481
1.10495
1.1051
1.10524
1.10539
1.10553
1.10567
1.10582
1.10596
1.10611
1.10625
1.10639
1.10654
1.10668
1.10682
1.10697
1.10711
1.10725
1.1074
1.10754
1.10769
1.10783
1.10797
1.10812
1.10826
1.1084
1.10855
1.10869
1.10883
1.10898
1.10912
1.10926
1.10941
1.10955
1.10969
1.10984
1.10998
1.11012
1.11027
1.11041
1.11055
1.11069
1.11084
1.11098
1.11112
1.11127
1.11141
1.11155
1.1117
1.11184
1.11198
1.11212
1.11227
1.11241
1.11255
1.11269
1.11284
1.11298
1.11312
1.11327
1.11341
1.11355
1.11369
1.11384
1.11398
1.11412
1.11426
1.11441
1.11455
1.11469
1.11483
1.11498
1.11512
1.11526
1.1154
1.11554
1.11569
1.11583
1.11597
1.11611
1.11626
1.1164
1.11654
1.11668
1.11682
1.11697
1.11711
1.11725
1.11739
1.11753
1.11768
1.11782
1.11796
1.1181
1.11824
1.11838
1.11853
1.11867
1.11881
1.11895
1.11909
1.11924
1.11938
1.11952
1.11966
1.1198
1.11994
1.12008
1.12023
1.12037
1.12051
1.12065
1.12079
1.12093
1.12107
1.12122
1.12136
1.1215
1.12164
1.12178
1.12192
1.12206
1.1222
1.12235
1.12249
1.12263
1.12277
1.12291
1.12305
1.12319
1.12333
1.12347
1.12362
1.12376
1.1239
1.12404
1.12418
1.12432
1.12446
1.1246
1.12474
1.12488
1.12502
1.12516
1.1253
1.12545
1.12559
1.12573
1.12587
1.12601
1.12615
1.12629
1.12643
1.12657
1.12671
1.12685
1.12699
1.12713
1.12727
1.12741
1.12755
1.12769
1.12783
1.12797
1.12811
1.12825
1.12839
1.12853
1.12867
1.12881
1.12895
1.12909
1.12923
1.12937
1.12951
1.12965
1.12979
1.12993
1.13007
1.13021
1.13035
1.13049
1.13063
1.13077
1.13091
1.13105
1.13119
1.13133
1.13147
1.13161
1.13175
1.13189
1.13203
1.13217
1.13231
1.13245
1.13259
1.13273
1.13287
1.13301
1.13315
1.13329
1.13342
1.13356
1.1337
1.13384
1.13398
1.13412
1.13426
1.1344
1.13454
1.13468
1.13482
1.13496
1.1351
1.13523
1.13537
1.13551
1.13565
1.13579
1.13593
1.13607
1.13621
1.13635
1.13648
1.13662
1.13676
1.1369
1.13704
1.13718
1.13732
1.13746
1.1376
1.13773
1.13787
1.13801
1.13815
1.13829
1.13843
1.13857
1.1387
1.13884
1.13898
1.13912
1.13926
1.1394
1.13953
1.13967
1.13981
1.13995
1.14009
1.14023
1.14036
1.1405
1.14064
1.14078
1.14092
1.14106
1.14119
1.14133
1.14147
1.14161
1.14175
1.14188
1.14202
1.14216
1.1423
1.14244
1.14257
1.14271
1.14285
1.14299
1.14312
1.14326
1.1434
1.14354
1.14368
1.14381
1.14395
1.14409
1.14423
1.14436
1.1445
1.14464
1.14478
1.14491
1.14505
1.14519
1.14533
1.14546
1.1456
1.14574
1.14588
1.14601
1.14615
1.14629
1.14643
1.14656
1.1467
1.14684
1.14697
1.14711
1.14725
1.14739
1.14752
1.14766
1.1478
1.14793
1.14807
1.14821
1.14835
1.14848
1.14862
1.14876
1.14889
1.14903
1.14917
1.1493
1.14944
1.14958
1.14971
1.14985
1.14999
1.15012
1.15026
1.1504
1.15053
1.15067
1.15081
1.15094
1.15108
1.15122
1.15135
1.15149
1.15163
1.15176
1.1519
1.15204
1.15217
1.15231
1.15245
1.15258
1.15272
1.15285
1.15299
1.15313
1.15326
1.1534
1.15354
1.15367
1.15381
1.15394
1.15408
1.15422
1.15435
1.15449
1.15462
1.15476
1.1549
1.15503
1.15517
1.1553
1.15544
1.15558
1.15571
1.15585
1.15598
1.15612
1.15625
1.15639
1.15653
1.15666
1.1568
1.15693
1.15707
1.1572
1.15734
1.15747
1.15761
1.15775
1.15788
1.15802
1.15815
1.15829
1.15842
1.15856
1.15869
1.15883
1.15896
1.1591
1.15924
1.15937
1.15951
1.15964
1.15978
1.15991
1.16005
1.16018
1.16032
1.16045
1.16059
1.16072
1.16086
1.16099
1.16113
1.16126
1.1614
1.16153
1.16167
1.1618
1.16194
1.16207
1.16221
1.16234
1.16248
1.16261
1.16274
1.16288
1.16301
1.16315
1.16328
1.16342
1.16355
1.16369
1.16382
1.16396
1.16409
1.16423
1.16436
1.16449
1.16463
1.16476
1.1649
1.16503
1.16517
1.1653
1.16544
1.16557
1.1657
1.16584
1.16597
1.16611
1.16624
1.16637
1.16651
1.16664
1.16678
1.16691
1.16705
1.16718
1.16731
1.16745
1.16758
1.16772
1.16785
1.16798
1.16812
1.16825
1.16839
1.16852
1.16865
1.16879
1.16892
1.16905
1.16919
1.16932
1.16946
1.16959
1.16972
1.16986
1.16999
1.17012
1.17026
1.17039
1.17052
1.17066
1.17079
1.17092
1.17106
1.17119
1.17132
1.17146
1.17159
1.17173
1.17186
1.17199
1.17212
1.17226
1.17239
1.17252
1.17266
1.17279
1.17292
1.17306
1.17319
1.17332
1.17346
1.17359
1.17372
1.17386
1.17399
1.17412
1.17425
1.17439
1.17452
1.17465
1.17479
1.17492
1.17505
1.17518
1.17532
1.17545
1.17558
1.17572
1.17585
1.17598
1.17611
1.17625
1.17638
1.17651
1.17664
1.17678
1.17691
1.17704
1.17717
1.17731
1.17744
1.17757
1.1777
1.17784
1.17797
1.1781
1.17823
1.17837
1.1785
1.17863
1.17876
1.1789
1.17903
1.17916
1.17929
1.17942
1.17956
1.17969
1.17982
1.17995
1.18008
1.18022
1.18035
1.18048
1.18061
1.18075
1.18088
1.18101
1.18114
1.18127
1.1814
1.18154
1.18167
1.1818
1.18193
1.18206
1.1822
1.18233
1.18246
1.18259
1.18272
1.18285
1.18299
1.18312
1.18325
1.18338
1.18351
1.18364
1.18377
1.18391
1.18404
1.18417
1.1843
1.18443
1.18456
1.18469
1.18483
1.18496
1.18509
1.18522
1.18535
1.18548
1.18561
1.18575
1.18588
1.18601
1.18614
1.18627
1.1864
1.18653
1.18666
1.18679
1.18693
1.18706
1.18719
1.18732
1.18745
1.18758
1.18771
1.18784
1.18797
1.1881
1.18823
1.18837
1.1885
1.18863
1.18876
1.18889
1.18902
1.18915
1.18928
1.18941
1.18954
1.18967
1.1898
1.18993
1.19006
1.19019
1.19033
1.19046
1.19059
1.19072
1.19085
1.19098
1.19111
1.19124
1.19137
1.1915
1.19163
1.19176
1.19189
1.19202
1.19215
1.19228
1.19241
1.19254
1.19267
1.1928
1.19293
1.19306
1.19319
1.19332
1.19345
1.19358
1.19371
1.19384
1.19397
1.1941
1.19423
1.19436
1.19449
1.19462
1.19475
1.19488
1.19501
1.19514
1.19527
1.1954
1.19553
1.19566
1.19579
1.19592
1.19605
1.19618
1.19631
1.19644
1.19657
1.1967
1.19683
1.19696
1.19709
1.19721
1.19734
1.19747
1.1976
1.19773
1.19786
1.19799
1.19812
1.19825
1.19838
1.19851
1.19864
1.19877
1.1989
1.19903
1.19915
1.19928
1.19941
1.19954
1.19967
1.1998
1.19993
1.20006
1.20019
1.20032
1.20045
1.20057
1.2007
1.20083
1.20096
1.20109
1.20122
1.20135
1.20148
1.20161
1.20173
1.20186
1.20199
1.20212
1.20225
1.20238
1.20251
1.20264
1.20276
1.20289
1.20302
1.20315
1.20328
1.20341
1.20354
1.20366
1.20379
1.20392
1.20405
1.20418
1.20431
1.20444
1.20456
1.20469
1.20482
1.20495
1.20508
1.20521
1.20533
1.20546
1.20559
1.20572
1.20585
1.20598
1.2061
1.20623
1.20636
1.20649
1.20662
1.20674
1.20687
1.207
1.20713
1.20726
1.20738
1.20751
1.20764
1.20777
1.2079
1.20802
1.20815
1.20828
1.20841
1.20854
1.20866
1.20879
1.20892
1.20905
1.20917
1.2093
1.20943
1.20956
1.20968
1.20981
1.20994
1.21007
1.2102
1.21032
1.21045
1.21058
1.21071
1.21083
1.21096
1.21109
1.21122
1.21134
1.21147
1.2116
1.21172
1.21185
1.21198
1.21211
1.21223
1.21236
1.21249
1.21262
1.21274
1.21287
1.213
1.21312
1.21325
1.21338
1.21351
1.21363
1.21376
1.21389
1.21401
1.21414
1.21427
1.21439
1.21452
1.21465
1.21478
1.2149
1.21503
1.21516
1.21528
1.21541
1.21554
1.21566
1.21579
1.21592
1.21604
1.21617
1.2163
1.21642
1.21655
1.21668
1.2168
1.21693
1.21706
1.21718
1.21731
1.21744
1.21756
1.21769
1.21782
1.21794
1.21807
1.21819
1.21832
1.21845
1.21857
1.2187
1.21883
1.21895
1.21908
1.2192
1.21933
1.21946
1.21958
1.21971
1.21984
1.21996
1.22009
1.22021
1.22034
1.22047
1.22059
1.22072
1.22084
1.22097
1.2211
1.22122
1.22135
1.22147
1.2216
1.22173
1.22185
1.22198
1.2221
1.22223
1.22236
1.22248
1.22261
1.22273
1.22286
1.22298
1.22311
1.22324
1.22336
1.22349
1.22361
1.22374
1.22386
1.22399
1.22411
1.22424
1.22437
1.22449
1.22462
1.22474
1.22487
1.22499
1.22512
1.22524
1.22537
1.22549
1.22562
1.22575
1.22587
1.226
1.22612
1.22625
1.22637
1.2265
1.22662
1.22675
1.22687
1.227
1.22712
1.22725
1.22737
1.2275
1.22762
1.22775
1.22787
1.228
1.22812
1.22825
1.22837
1.2285
1.22862
1.22875
1.22887
1.229
1.22912
1.22925
1.22937
1.2295
1.22962
1.22975
1.22987
1.22999
1.23012
1.23024
1.23037
1.23049
1.23062
1.23074
1.23087
1.23099
1.23112
1.23124
1.23137
1.23149
1.23161
1.23174
1.23186
1.23199
1.23211
1.23224
1.23236
1.23249
1.23261
1.23273
1.23286
1.23298
1.23311
1.23323
1.23335
1.23348
1.2336
1.23373
1.23385
1.23398
1.2341
1.23422
1.23435
1.23447
1.2346
1.23472
1.23484
1.23497
1.23509
1.23522
1.23534
1.23546
1.23559
1.23571
1.23584
1.23596
1.23608
1.23621
1.23633
1.23645
1.23658
1.2367
1.23683
1.23695
1.23707
1.2372
1.23732
1.23744
1.23757
1.23769
1.23781
1.23794
1.23806
1.23819
1.23831
1.23843
1.23856
1.23868
1.2388
1.23893
1.23905
1.23917
1.2393
1.23942
1.23954
1.23967
1.23979
1.23991
1.24004
1.24016
1.24028
1.24041
1.24053
1.24065
1.24078
1.2409
1.24102
1.24114
1.24127
1.24139
1.24151
1.24164
1.24176
1.24188
1.24201
1.24213
1.24225
1.24237
1.2425
1.24262
1.24274
1.24287
1.24299
1.24311
1.24323
1.24336
1.24348
1.2436
1.24373
1.24385
1.24397
1.24409
1.24422
1.24434
1.24446
1.24458
1.24471
1.24483
1.24495
1.24507
1.2452
1.24532
1.24544
1.24556
1.24569
1.24581
1.24593
1.24605
1.24618
1.2463
1.24642
1.24654
1.24667
1.24679
1.24691
1.24703
1.24716
1.24728
1.2474
1.24752
1.24764
1.24777
1.24789
1.24801
1.24813
1.24826
1.24838
1.2485
1.24862
1.24874
1.24887
1.24899
1.24911
1.24923
1.24935
1.24948
1.2496
1.24972
1.24984
1.24996
1.25008
1.25021
1.25033
1.25045
1.25057
1.25069
1.25082
1.25094
1.25106
1.25118
1.2513
1.25142
1.25155
1.25167
1.25179
1.25191
1.25203
1.25215
1.25227
1.2524
1.25252
1.25264
1.25276
1.25288
1.253
1.25313
1.25325
1.25337
1.25349
1.25361
1.25373
1.25385
1.25397
1.2541
1.25422
1.25434
1.25446
1.25458
1.2547
1.25482
1.25494
1.25507
1.25519
1.25531
1.25543
1.25555
1.25567
1.25579
1.25591
1.25603
1.25616
1.25628
1.2564
1.25652
1.25664
1.25676
1.25688
1.257
1.25712
1.25724
1.25736
1.25748
1.25761
1.25773
1.25785
1.25797
1.25809
1.25821
1.25833
1.25845
1.25857
1.25869
1.25881
1.25893
1.25905
1.25917
1.25929
1.25942
1.25954
1.25966
1.25978
1.2599
1.26002
1.26014
1.26026
1.26038
1.2605
1.26062
1.26074
1.26086
1.26098
1.2611
1.26122
1.26134
1.26146
1.26158
1.2617
1.26182
1.26194
1.26206
1.26218
1.2623
1.26242
1.26254
1.26266
1.26278
1.2629
1.26302
1.26314
1.26326
1.26338
1.2635
1.26362
1.26374
1.26386
1.26398
1.2641
1.26422
1.26434
1.26446
1.26458
1.2647
1.26482
1.26494
1.26506
1.26518
1.2653
1.26542
1.26554
1.26566
1.26578
1.2659
1.26602
1.26614
1.26626
1.26638
1.2665
1.26662
1.26674
1.26686
1.26698
1.2671
1.26722
1.26733
1.26745
1.26757
1.26769
1.26781
1.26793
1.26805
1.26817
1.26829
1.26841
1.26853
1.26865
1.26877
1.26889
1.26901
1.26912
1.26924
1.26936
1.26948
1.2696
1.26972
1.26984
1.26996
1.27008
1.2702
1.27032
1.27043
1.27055
1.27067
1.27079
1.27091
1.27103
1.27115
1.27127
1.27139
1.2715
1.27162
1.27174
1.27186
1.27198
1.2721
1.27222
1.27234
1.27246
1.27257
1.27269
1.27281
1.27293
1.27305
1.27317
1.27329
1.2734
1.27352
1.27364
1.27376
1.27388
1.274
1.27412
1.27423
1.27435
1.27447
1.27459
1.27471
1.27483
1.27495
1.27506
1.27518
1.2753
1.27542
1.27554
1.27566
1.27577
1.27589
1.27601
1.27613
1.27625
1.27636
1.27648
1.2766
1.27672
1.27684
1.27696
1.27707
1.27719
1.27731
1.27743
1.27755
1.27766
1.27778
1.2779
1.27802
1.27814
1.27825
1.27837
1.27849
1.27861
1.27873
1.27884
1.27896
1.27908
1.2792
1.27931
1.27943
1.27955
1.27967
1.27979
1.2799
1.28002
1.28014
1.28026
1.28037
1.28049
1.28061
1.28073
1.28085
1.28096
1.28108
1.2812
1.28132
1.28143
1.28155
1.28167
1.28179
1.2819
1.28202
1.28214
1.28226
1.28237
1.28249
1.28261
1.28272
1.28284
1.28296
1.28308
1.28319
1.28331
1.28343
1.28355
1.28366
1.28378
1.2839
1.28401
1.28413
1.28425
1.28437
1.28448
1.2846
1.28472
1.28483
1.28495
1.28507
1.28519
1.2853
1.28542
1.28554
1.28565
1.28577
1.28589
1.286
1.28612
1.28624
1.28635
1.28647
1.28659
1.28671
1.28682
1.28694
1.28706
1.28717
1.28729
1.28741
1.28752
1.28764
1.28776
1.28787
1.28799
1.28811
1.28822
1.28834
1.28846
1.28857
1.28869
1.28881
1.28892
1.28904
1.28915
1.28927
1.28939
1.2895
1.28962
1.28974
1.28985
1.28997
1.29009
1.2902
1.29032
1.29043
1.29055
1.29067
1.29078
1.2909
1.29102
1.29113
1.29125
1.29136
1.29148
1.2916
1.29171
1.29183
1.29195
1.29206
1.29218
1.29229
1.29241
1.29253
1.29264
1.29276
1.29287
1.29299
1.29311
1.29322
1.29334
1.29345
1.29357
1.29369
1.2938
1.29392
1.29403
1.29415
1.29426
1.29438
1.2945
1.29461
1.29473
1.29484
1.29496
1.29507
1.29519
1.29531
1.29542
1.29554
1.29565
1.29577
1.29588
1.296
1.29612
1.29623
1.29635
1.29646
1.29658
1.29669
1.29681
1.29692
1.29704
1.29715
1.29727
1.29739
1.2975
1.29762
1.29773
1.29785
1.29796
1.29808
1.29819
1.29831
1.29842
1.29854
1.29865
1.29877
1.29888
1.299
1.29911
1.29923
1.29934
1.29946
1.29957
1.29969
1.2998
1.29992
1.30003
1.30015
1.30027
1.30038
1.3005
1.30061
1.30072
1.30084
1.30095
1.30107
1.30118
1.3013
1.30141
1.30153
1.30164
1.30176
1.30187
1.30199
1.3021
1.30222
1.30233
1.30245
1.30256
1.30268
1.30279
1.30291
1.30302
1.30314
1.30325
1.30336
1.30348
1.30359
1.30371
1.30382
1.30394
1.30405
1.30417
1.30428
1.3044
1.30451
1.30462
1.30474
1.30485
1.30497
1.30508
1.3052
1.30531
1.30542
1.30554
1.30565
1.30577
1.30588
1.306
1.30611
1.30622
1.30634
1.30645
1.30657
1.30668
1.3068
1.30691
1.30702
1.30714
1.30725
1.30737
1.30748
1.30759
1.30771
1.30782
1.30794
1.30805
1.30816
1.30828
1.30839
1.30851
1.30862
1.30873
1.30885
1.30896
1.30907
1.30919
1.3093
1.30942
1.30953
1.30964
1.30976
1.30987
1.30999
1.3101
1.31021
1.31033
1.31044
1.31055
1.31067
1.31078
1.31089
1.31101
1.31112
1.31124
1.31135
1.31146
1.31158
1.31169
1.3118
1.31192
1.31203
1.31214
1.31226
1.31237
1.31248
1.3126
1.31271
1.31282
1.31294
1.31305
1.31316
1.31328
1.31339
1.3135
1.31362
1.31373
1.31384
1.31396
1.31407
1.31418
1.3143
1.31441
1.31452
1.31464
1.31475
1.31486
1.31497
1.31509
1.3152
1.31531
1.31543
1.31554
1.31565
1.31577
1.31588
1.31599
1.3161
1.31622
1.31633
1.31644
1.31656
1.31667
1.31678
1.31689
1.31701
1.31712
1.31723
1.31735
1.31746
1.31757
1.31768
1.3178
1.31791
1.31802
1.31813
1.31825
1.31836
1.31847
1.31858
1.3187
1.31881
1.31892
1.31903
1.31915
1.31926
1.31937
1.31949
1.3196
1.31971
1.31982
1.31993
1.32005
1.32016
1.32027
1.32038
1.3205
1.32061
1.32072
1.32083
1.32095
1.32106
1.32117
1.32128
1.3214
1.32151
1.32162
1.32173
1.32184
1.32196
1.32207
1.32218
1.32229
1.3224
1.32252
1.32263
1.32274
1.32285
1.32297
1.32308
1.32319
1.3233
1.32341
1.32352
1.32364
1.32375
1.32386
1.32397
1.32408
1.3242
1.32431
1.32442
1.32453
1.32464
1.32476
1.32487
1.32498
1.32509
1.3252
1.32531
1.32543
1.32554
1.32565
1.32576
1.32587
1.32598
1.3261
1.32621
1.32632
1.32643
1.32654
1.32665
1.32677
1.32688
1.32699
1.3271
1.32721
1.32732
1.32743
1.32755
1.32766
1.32777
1.32788
1.32799
1.3281
1.32821
1.32833
1.32844
1.32855
1.32866
1.32877
1.32888
1.32899
1.32911
1.32922
1.32933
1.32944
1.32955
1.32966
1.32977
1.32988
1.32999
1.33011
1.33022
1.33033
1.33044
1.33055
1.33066
1.33077
1.33088
1.33099
1.3311
1.33122
1.33133
1.33144
1.33155
1.33166
1.33177
1.33188
1.33199
1.3321
1.33221
1.33232
1.33244
1.33255
1.33266
1.33277
1.33288
1.33299
1.3331
1.33321
1.33332
1.33343
1.33354
1.33365
1.33376
1.33388
1.33399
1.3341
1.33421
1.33432
1.33443
1.33454
1.33465
1.33476
1.33487
1.33498
1.33509
1.3352
1.33531
1.33542
1.33553
1.33564
1.33575
1.33586
1.33597
1.33609
1.3362
1.33631
1.33642
1.33653
1.33664
1.33675
1.33686
1.33697
1.33708
1.33719
1.3373
1.33741
1.33752
1.33763
1.33774
1.33785
1.33796
1.33807
1.33818
1.33829
1.3384
1.33851
1.33862
1.33873
1.33884
1.33895
1.33906
1.33917
1.33928
1.33939
1.3395
1.33961
1.33972
1.33983
1.33994
1.34005
1.34016
1.34027
1.34038
1.34049
1.3406
1.34071
1.34082
1.34093
1.34104
1.34115
1.34126
1.34137
1.34148
1.34159
1.34169
1.3418
1.34191
1.34202
1.34213
1.34224
1.34235
1.34246
1.34257
1.34268
1.34279
1.3429
1.34301
1.34312
1.34323
1.34334
1.34345
1.34356
1.34367
1.34378
1.34388
1.34399
1.3441
1.34421
1.34432
1.34443
1.34454
1.34465
1.34476
1.34487
1.34498
1.34509
1.3452
1.34531
1.34541
1.34552
1.34563
1.34574
1.34585
1.34596
1.34607
1.34618
1.34629
1.3464
1.34651
1.34661
1.34672
1.34683
1.34694
1.34705
1.34716
1.34727
1.34738
1.34749
1.3476
1.3477
1.34781
1.34792
1.34803
1.34814
1.34825
1.34836
1.34847
1.34857
1.34868
1.34879
1.3489
1.34901
1.34912
1.34923
1.34934
1.34944
1.34955
1.34966
1.34977
1.34988
1.34999
1.3501
1.35021
1.35031
1.35042
1.35053
1.35064
1.35075
1.35086
1.35096
1.35107
1.35118
1.35129
1.3514
1.35151
1.35162
1.35172
1.35183
1.35194
1.35205
1.35216
1.35227
1.35237
1.35248
1.35259
1.3527
1.35281
1.35292
1.35302
1.35313
1.35324
1.35335
1.35346
1.35357
1.35367
1.35378
1.35389
1.354
1.35411
1.35421
1.35432
1.35443
1.35454
1.35465
1.35476
1.35486
1.35497
1.35508
1.35519
1.3553
1.3554
1.35551
1.35562
1.35573
1.35583
1.35594
1.35605
1.35616
1.35627
1.35637
1.35648
1.35659
1.3567
1.35681
1.35691
1.35702
1.35713
1.35724
1.35734
1.35745
1.35756
1.35767
1.35778
1.35788
1.35799
1.3581
1.35821
1.35831
1.35842
1.35853
1.35864
1.35874
1.35885
1.35896
1.35907
1.35917
1.35928
1.35939
1.3595
1.3596
1.35971
1.35982
1.35993
1.36003
1.36014
1.36025
1.36036
1.36046
1.36057
1.36068
1.36079
1.36089
1.361
1.36111
1.36121
1.36132
1.36143
1.36154
1.36164
1.36175
1.36186
1.36196
1.36207
1.36218
1.36229
1.36239
1.3625
1.36261
1.36271
1.36282
1.36293
1.36304
1.36314
1.36325
1.36336
1.36346
1.36357
1.36368
1.36378
1.36389
1.364
1.36411
1.36421
1.36432
1.36443
1.36453
1.36464
1.36475
1.36485
1.36496
1.36507
1.36517
1.36528
1.36539
1.36549
1.3656
1.36571
1.36581
1.36592
1.36603
1.36613
1.36624
1.36635
1.36645
1.36656
1.36667
1.36677
1.36688
1.36699
1.36709
1.3672
1.36731
1.36741
1.36752
1.36763
1.36773
1.36784
1.36795
1.36805
1.36816
1.36826
1.36837
1.36848
1.36858
1.36869
1.3688
1.3689
1.36901
1.36912
1.36922
1.36933
1.36943
1.36954
1.36965
1.36975
1.36986
1.36996
1.37007
1.37018
1.37028
1.37039
1.3705
1.3706
1.37071
1.37081
1.37092
1.37103
1.37113
1.37124
1.37134
1.37145
1.37156
1.37166
1.37177
1.37187
1.37198
1.37209
1.37219
1.3723
1.3724
1.37251
1.37262
1.37272
1.37283
1.37293
1.37304
1.37314
1.37325
1.37336
1.37346
1.37357
1.37367
1.37378
1.37388
1.37399
1.3741
1.3742
1.37431
1.37441
1.37452
1.37462
1.37473
1.37484
1.37494
1.37505
1.37515
1.37526
1.37536
1.37547
1.37557
1.37568
1.37579
1.37589
1.376
1.3761
1.37621
1.37631
1.37642
1.37652
1.37663
1.37673
1.37684
1.37694
1.37705
1.37716
1.37726
1.37737
1.37747
1.37758
1.37768
1.37779
1.37789
1.378
1.3781
1.37821
1.37831
1.37842
1.37852
1.37863
1.37873
1.37884
1.37894
1.37905
1.37915
1.37926
1.37936
1.37947
1.37957
1.37968
1.37978
1.37989
1.37999
1.3801
1.3802
1.38031
1.38041
1.38052
1.38062
1.38073
1.38083
1.38094
1.38104
1.38115
1.38125
1.38136
1.38146
1.38157
1.38167
1.38178
1.38188
1.38199
1.38209
1.3822
1.3823
1.3824
1.38251
1.38261
1.38272
1.38282
1.38293
1.38303
1.38314
1.38324
1.38335
1.38345
1.38356
1.38366
1.38376
1.38387
1.38397
1.38408
1.38418
1.38429
1.38439
1.3845
1.3846
1.3847
1.38481
1.38491
1.38502
1.38512
1.38523
1.38533
1.38543
1.38554
1.38564
1.38575
1.38585
1.38596
1.38606
1.38616
1.38627
1.38637
1.38648
1.38658
1.38669
1.38679
1.38689
1.387
1.3871
1.38721
1.38731
1.38741
1.38752
1.38762
1.38773
1.38783
1.38793
1.38804
1.38814
1.38825
1.38835
1.38845
1.38856
1.38866
1.38877
1.38887
1.38897
1.38908
1.38918
1.38929
1.38939
1.38949
1.3896
1.3897
1.3898
1.38991
1.39001
1.39012
1.39022
1.39032
1.39043
1.39053
1.39063
1.39074
1.39084
1.39095
1.39105
1.39115
1.39126
1.39136
1.39146
1.39157
1.39167
1.39177
1.39188
1.39198
1.39208
1.39219
1.39229
1.3924
1.3925
1.3926
1.39271
1.39281
1.39291
1.39302
1.39312
1.39322
1.39333
1.39343
1.39353
1.39364
1.39374
1.39384
1.39395
1.39405
1.39415
1.39426
1.39436
1.39446
1.39457
1.39467
1.39477
1.39488
1.39498
1.39508
1.39518
1.39529
1.39539
1.39549
1.3956
1.3957
1.3958
1.39591
1.39601
1.39611
1.39622
1.39632
1.39642
1.39652
1.39663
1.39673
1.39683
1.39694
1.39704
1.39714
1.39725
1.39735
1.39745
1.39755
1.39766
1.39776
1.39786
1.39796
1.39807
1.39817
1.39827
1.39838
1.39848
1.39858
1.39868
1.39879
1.39889
1.39899
1.3991
1.3992
1.3993
1.3994
1.39951
1.39961
1.39971
1.39981
1.39992
1.40002
1.40012
1.40022
1.40033
1.40043
1.40053
1.40063
1.40074
1.40084
1.40094
1.40104
1.40115
1.40125
1.40135
1.40145
1.40156
1.40166
1.40176
1.40186
1.40197
1.40207
1.40217
1.40227
1.40237
1.40248
1.40258
1.40268
1.40278
1.40289
1.40299
1.40309
1.40319
1.40329
1.4034
1.4035
1.4036
1.4037
1.40381
1.40391
1.40401
1.40411
1.40421
1.40432
1.40442
1.40452
1.40462
1.40472
1.40483
1.40493
1.40503
1.40513
1.40523
1.40534
1.40544
1.40554
1.40564
1.40574
1.40585
1.40595
1.40605
1.40615
1.40625
1.40635
1.40646
1.40656
1.40666
1.40676
1.40686
1.40697
1.40707
1.40717
1.40727
1.40737
1.40747
1.40758
1.40768
1.40778
1.40788
1.40798
1.40808
1.40819
1.40829
1.40839
1.40849
1.40859
1.40869
1.4088
1.4089
1.409
1.4091
1.4092
1.4093
1.4094
1.40951
1.40961
1.40971
1.40981
1.40991
1.41001
1.41011
1.41022
1.41032
1.41042
1.41052
1.41062
1.41072
1.41082
1.41092
1.41103
1.41113
1.41123
1.41133
1.41143
1.41153
1.41163
1.41173
1.41184
1.41194
1.41204
1.41214
1.41224
1.41234
1.41244
1.41254
1.41265
1.41275
1.41285
1.41295
1.41305
1.41315
1.41325
1.41335
1.41345
1.41355
1.41366
1.41376
1.41386
1.41396
1.41406
1.41416
1.41426
1.41436
1.41446
1.41456
1.41466
1.41477
1.41487
1.41497
1.41507
1.41517
1.41527
1.41537
1.41547
1.41557
1.41567
1.41577
1.41587
1.41597
1.41608
1.41618
1.41628
1.41638
1.41648
1.41658
1.41668
1.41678
1.41688
1.41698
1.41708
1.41718
1.41728
1.41738
1.41748
1.41758
1.41768
1.41779
1.41789
1.41799
1.41809
1.41819
1.41829
1.41839
1.41849
1.41859
1.41869
1.41879
1.41889
1.41899
1.41909
1.41919
1.41929
1.41939
1.41949
1.41959
1.41969
1.41979
1.41989
1.41999
1.42009
1.42019
1.42029
1.42039
1.42049
1.42059
1.42069
1.42079
1.42089
1.421
1.4211
1.4212
1.4213
1.4214
1.4215
1.4216
1.4217
1.4218
1.4219
1.422
1.4221
1.4222
1.4223
1.4224
1.4225
1.4226
1.4227
1.4228
1.4229
1.423
1.4231
1.42319
1.42329
1.42339
1.42349
1.42359
1.42369
1.42379
1.42389
1.42399
1.42409
1.42419
1.42429
1.42439
1.42449
1.42459
1.42469
1.42479
1.42489
1.42499
1.42509
1.42519
1.42529
1.42539
1.42549
1.42559
1.42569
1.42579
1.42589
1.42599
1.42609
1.42619
1.42629
1.42638
1.42648
1.42658
1.42668
1.42678
1.42688
1.42698
1.42708
1.42718
1.42728
1.42738
1.42748
1.42758
1.42768
1.42778
1.42788
1.42798
1.42807
1.42817
1.42827
1.42837
1.42847
1.42857
1.42867
1.42877
1.42887
1.42897
1.42907
1.42917
1.42927
1.42936
1.42946
1.42956
1.42966
1.42976
1.42986
1.42996
1.43006
1.43016
1.43026
1.43036
1.43045
1.43055
1.43065
1.43075
1.43085
1.43095
1.43105
1.43115
1.43125
1.43135
1.43144
1.43154
1.43164
1.43174
1.43184
1.43194
1.43204
1.43214
1.43224
1.43233
1.43243
1.43253
1.43263
1.43273
1.43283
1.43293
1.43303
1.43312
1.43322
1.43332
1.43342
1.43352
1.43362
1.43372
1.43382
1.43391
1.43401
1.43411
1.43421
1.43431
1.43441
1.43451
1.4346
1.4347
1.4348
1.4349
1.435
1.4351
1.4352
1.43529
1.43539
1.43549
1.43559
1.43569
1.43579
1.43588
1.43598
1.43608
1.43618
1.43628
1.43638
1.43648
1.43657
1.43667
1.43677
1.43687
1.43697
1.43707
1.43716
1.43726
1.43736
1.43746
1.43756
1.43765
1.43775
1.43785
1.43795
1.43805
1.43815
1.43824
1.43834
1.43844
1.43854
1.43864
1.43873
1.43883
1.43893
1.43903
1.43913
1.43922
1.43932
1.43942
1.43952
1.43962
1.43971
1.43981
1.43991
1.44001
1.44011
1.4402
1.4403
1.4404
1.4405
1.4406
1.44069
1.44079
1.44089
1.44099
1.44109
1.44118
1.44128
1.44138
1.44148
1.44157
1.44167
1.44177
1.44187
1.44197
1.44206
1.44216
1.44226
1.44236
1.44245
1.44255
1.44265
1.44275
1.44284
1.44294
1.44304
1.44314
1.44324
1.44333
1.44343
1.44353
1.44363
1.44372
1.44382
1.44392
1.44402
1.44411
1.44421
1.44431
1.44441
1.4445
1.4446
1.4447
1.4448
1.44489
1.44499
1.44509
1.44518
1.44528
1.44538
1.44548
1.44557
1.44567
1.44577
1.44587
1.44596
1.44606
1.44616
1.44626
1.44635
1.44645
1.44655
1.44664
1.44674
1.44684
1.44694
1.44703
1.44713
1.44723
1.44732
1.44742
1.44752
1.44762
1.44771
1.44781
1.44791
1.448
1.4481
1.4482
1.4483
1.44839
1.44849
1.44859
1.44868
1.44878
1.44888
1.44897
1.44907
1.44917
1.44926
1.44936
1.44946
1.44956
1.44965
1.44975
1.44985
1.44994
1.45004
1.45014
1.45023
1.45033
1.45043
1.45052
1.45062
1.45072
1.45081
1.45091
1.45101
1.4511
1.4512
1.4513
1.45139
1.45149
1.45159
1.45168
1.45178
1.45188
1.45197
1.45207
1.45217
1.45226
1.45236
1.45246
1.45255
1.45265
1.45275
1.45284
1.45294
1.45304
1.45313
1.45323
1.45333
1.45342
1.45352
1.45362
1.45371
1.45381
1.4539
1.454
1.4541
1.45419
1.45429
1.45439
1.45448
1.45458
1.45468
1.45477
1.45487
1.45496
1.45506
1.45516
1.45525
1.45535
1.45545
1.45554
1.45564
1.45573
1.45583
1.45593
1.45602
1.45612
1.45621
1.45631
1.45641
1.4565
1.4566
1.4567
1.45679
1.45689
1.45698
1.45708
1.45718
1.45727
1.45737
1.45746
1.45756
1.45766
1.45775
1.45785
1.45794
1.45804
1.45814
1.45823
1.45833
1.45842
1.45852
1.45862
1.45871
1.45881
1.4589
1.459
1.45909
1.45919
1.45929
1.45938
1.45948
1.45957
1.45967
1.45976
1.45986
1.45996
1.46005
1.46015
1.46024
1.46034
1.46043
1.46053
1.46063
1.46072
1.46082
1.46091
1.46101
1.4611
1.4612
1.4613
1.46139
1.46149
1.46158
1.46168
1.46177
1.46187
1.46196
1.46206
1.46216
1.46225
1.46235
1.46244
1.46254
1.46263
1.46273
1.46282
1.46292
1.46301
1.46311
1.46321
1.4633
1.4634
1.46349
1.46359
1.46368
1.46378
1.46387
1.46397
1.46406
1.46416
1.46425
1.46435
1.46444
1.46454
1.46463
1.46473
1.46482
1.46492
1.46502
1.46511
1.46521
1.4653
1.4654
1.46549
1.46559
1.46568
1.46578
1.46587
1.46597
1.46606
1.46616
1.46625
1.46635
1.46644
1.46654
1.46663
1.46673
1.46682
1.46692
1.46701
1.46711
1.4672
1.4673
1.46739
1.46749
1.46758
1.46768
1.46777
1.46787
1.46796
1.46806
1.46815
1.46825
1.46834
1.46843
1.46853
1.46862
1.46872
1.46881
1.46891
1.469
1.4691
1.46919
1.46929
1.46938
1.46948
1.46957
1.46967
1.46976
1.46986
1.46995
1.47004
1.47014
1.47023
1.47033
1.47042
1.47052
1.47061
1.47071
1.4708
1.4709
1.47099
1.47109
1.47118
1.47127
1.47137
1.47146
1.47156
1.47165
1.47175
1.47184
1.47194
1.47203
1.47212
1.47222
1.47231
1.47241
1.4725
1.4726
1.47269
1.47278
1.47288
1.47297
1.47307
1.47316
1.47326
1.47335
1.47344
1.47354
1.47363
1.47373
1.47382
1.47392
1.47401
1.4741
1.4742
1.47429
1.47439
1.47448
1.47458
1.47467
1.47476
1.47486
1.47495
1.47505
1.47514
1.47523
1.47533
1.47542
1.47552
1.47561
1.4757
1.4758
1.47589
1.47599
1.47608
1.47617
1.47627
1.47636
1.47646
1.47655
1.47664
1.47674
1.47683
1.47693
1.47702
1.47711
1.47721
1.4773
1.47739
1.47749
1.47758
1.47768
1.47777
1.47786
1.47796
1.47805
1.47814
1.47824
1.47833
1.47843
1.47852
1.47861
1.47871
1.4788
1.47889
1.47899
1.47908
1.47918
1.47927
1.47936
1.47946
1.47955
1.47964
1.47974
1.47983
1.47992
1.48002
1.48011
1.4802
1.4803
1.48039
1.48049
1.48058
1.48067
1.48077
1.48086
1.48095
1.48105
1.48114
1.48123
1.48133
1.48142
1.48151
1.48161
1.4817
1.48179
1.48189
1.48198
1.48207
1.48217
1.48226
1.48235
1.48245
1.48254
1.48263
1.48273
1.48282
1.48291
1.48301
1.4831
1.48319
1.48329
1.48338
1.48347
1.48357
1.48366
1.48375
1.48384
1.48394
1.48403
1.48412
1.48422
1.48431
1.4844
1.4845
1.48459
1.48468
1.48478
1.48487
1.48496
1.48505
1.48515
1.48524
1.48533
1.48543
1.48552
1.48561
1.48571
1.4858
1.48589
1.48598
1.48608
1.48617
1.48626
1.48636
1.48645
1.48654
1.48663
1.48673
1.48682
1.48691
1.48701
1.4871
1.48719
1.48728
1.48738
1.48747
1.48756
1.48765
1.48775
1.48784
1.48793
1.48803
1.48812
1.48821
1.4883
1.4884
1.48849
1.48858
1.48867
1.48877
1.48886
1.48895
1.48904
1.48914
1.48923
1.48932
1.48941
1.48951
1.4896
1.48969
1.48978
1.48988
1.48997
1.49006
1.49015
1.49025
1.49034
1.49043
1.49052
1.49062
1.49071
1.4908
1.49089
1.49099
1.49108
1.49117
1.49126
1.49136
1.49145
1.49154
1.49163
1.49172
1.49182
1.49191
1.492
1.49209
1.49219
1.49228
1.49237
1.49246
1.49256
1.49265
1.49274
1.49283
1.49292
1.49302
1.49311
1.4932
1.49329
1.49338
1.49348
1.49357
1.49366
1.49375
1.49384
1.49394
1.49403
1.49412
1.49421
1.49431
1.4944
1.49449
1.49458
1.49467
1.49477
1.49486
1.49495
1.49504
1.49513
1.49522
1.49532
1.49541
1.4955
1.49559
1.49568
1.49578
1.49587
1.49596
1.49605
1.49614
1.49624
1.49633
1.49642
1.49651
1.4966
1.49669
1.49679
1.49688
1.49697
1.49706
1.49715
1.49724
1.49734
1.49743
1.49752
1.49761
1.4977
1.49779
1.49789
1.49798
1.49807
1.49816
1.49825
1.49834
1.49844
1.49853
1.49862
1.49871
1.4988
1.49889
1.49899
1.49908
1.49917
1.49926
1.49935
1.49944
1.49953
1.49963
1.49972
1.49981
1.4999
1.49999
1.50008
1.50017
1.50027
1.50036
1.50045
1.50054
1.50063
1.50072
1.50081
1.50091
1.501
1.50109
1.50118
1.50127
1.50136
1.50145
1.50154
1.50164
1.50173
1.50182
1.50191
1.502
1.50209
1.50218
1.50227
1.50237
1.50246
1.50255
1.50264
1.50273
1.50282
1.50291
1.503
1.50309
1.50319
1.50328
1.50337
1.50346
1.50355
1.50364
1.50373
1.50382
1.50391
1.504
1.5041
1.50419
1.50428
1.50437
1.50446
1.50455
1.50464
1.50473
1.50482
1.50491
1.50501
1.5051
1.50519
1.50528
1.50537
1.50546
1.50555
1.50564
1.50573
1.50582
1.50591
1.506
1.5061
1.50619
1.50628
1.50637
1.50646
1.50655
1.50664
1.50673
1.50682
1.50691
1.507
1.50709
1.50718
1.50727
1.50737
1.50746
1.50755
1.50764
1.50773
1.50782
1.50791
1.508
1.50809
1.50818
1.50827
1.50836
1.50845
1.50854
1.50863
1.50872
1.50881
1.5089
1.509
1.50909
1.50918
1.50927
1.50936
1.50945
1.50954
1.50963
1.50972
1.50981
1.5099
1.50999
1.51008
1.51017
1.51026
1.51035
1.51044
1.51053
1.51062
1.51071
1.5108
1.51089
1.51098
1.51107
1.51116
1.51125
1.51134
1.51143
1.51152
1.51162
1.51171
1.5118
1.51189
1.51198
1.51207
1.51216
1.51225
1.51234
1.51243
1.51252
1.51261
1.5127
1.51279
1.51288
1.51297
1.51306
1.51315
1.51324
1.51333
1.51342
1.51351
1.5136
1.51369
1.51378
1.51387
1.51396
1.51405
1.51414
1.51423
1.51432
1.51441
1.5145
1.51459
1.51468
1.51477
1.51486
1.51495
1.51504
1.51513
1.51522
1.51531
1.5154
1.51549
1.51557
1.51566
1.51575
1.51584
1.51593
1.51602
1.51611
1.5162
1.51629
1.51638
1.51647
1.51656
1.51665
1.51674
1.51683
1.51692
1.51701
1.5171
1.51719
1.51728
1.51737
1.51746
1.51755
1.51764
1.51773
1.51782
1.51791
1.518
1.51809
1.51817
1.51826
1.51835
1.51844
1.51853
1.51862
1.51871
1.5188
1.51889
1.51898
1.51907
1.51916
1.51925
1.51934
1.51943
1.51952
1.51961
1.5197
1.51978
1.51987
1.51996
1.52005
1.52014
1.52023
1.52032
1.52041
1.5205
1.52059
1.52068
1.52077
1.52086
1.52095
1.52103
1.52112
1.52121
1.5213
1.52139
1.52148
1.52157
1.52166
1.52175
1.52184
1.52193
1.52202
1.5221
1.52219
1.52228
1.52237
1.52246
1.52255
1.52264
1.52273
1.52282
1.52291
1.523
1.52308
1.52317
1.52326
1.52335
1.52344
1.52353
1.52362
1.52371
1.5238
1.52389
1.52397
1.52406
1.52415
1.52424
1.52433
1.52442
1.52451
1.5246
1.52469
1.52477
1.52486
1.52495
1.52504
1.52513
1.52522
1.52531
1.5254
1.52548
1.52557
1.52566
1.52575
1.52584
1.52593
1.52602
1.52611
1.52619
1.52628
1.52637
1.52646
1.52655
1.52664
1.52673
1.52682
1.5269
1.52699
1.52708
1.52717
1.52726
1.52735
1.52744
1.52752
1.52761
1.5277
1.52779
1.52788
1.52797
1.52806
1.52814
1.52823
1.52832
1.52841
1.5285
1.52859
1.52867
1.52876
1.52885
1.52894
1.52903
1.52912
1.52921
1.52929
1.52938
1.52947
1.52956
1.52965
1.52974
1.52982
1.52991
1.53
1.53009
1.53018
1.53027
1.53035
1.53044
1.53053
1.53062
1.53071
1.53079
1.53088
1.53097
1.53106
1.53115
1.53124
1.53132
1.53141
1.5315
1.53159
1.53168
1.53176
1.53185
1.53194
1.53203
1.53212
1.53221
1.53229
1.53238
1.53247
1.53256
1.53265
1.53273
1.53282
1.53291
1.533
1.53309
1.53317
1.53326
1.53335
1.53344
1.53353
1.53361
1.5337
1.53379
1.53388
1.53397
1.53405
1.53414
1.53423
1.53432
1.5344
1.53449
1.53458
1.53467
1.53476
1.53484
1.53493
1.53502
1.53511
1.5352
1.53528
1.53537
1.53546
1.53555
1.53563
1.53572
1.53581
1.5359
1.53599
1.53607
1.53616
1.53625
1.53634
1.53642
1.53651
1.5366
1.53669
1.53677
1.53686
1.53695
1.53704
1.53712
1.53721
1.5373
1.53739
1.53747
1.53756
1.53765
1.53774
1.53783
1.53791
1.538
1.53809
1.53817
1.53826
1.53835
1.53844
1.53852
1.53861
1.5387
1.53879
1.53887
1.53896
1.53905
1.53914
1.53922
1.53931
1.5394
1.53949
1.53957
1.53966
1.53975
1.53984
1.53992
1.54001
1.5401
1.54018
1.54027
1.54036
1.54045
1.54053
1.54062
1.54071
1.5408
1.54088
1.54097
1.54106
1.54114
1.54123
1.54132
1.54141
1.54149
1.54158
1.54167
1.54175
1.54184
1.54193
1.54202
1.5421
1.54219
1.54228
1.54236
1.54245
1.54254
1.54263
1.54271
1.5428
1.54289
1.54297
1.54306
1.54315
1.54323
1.54332
1.54341
1.5435
1.54358
1.54367
1.54376
1.54384
1.54393
1.54402
